14232.000000
14148.000000
14136.000000
14108.000000
14232.000000
14208.000000
14104.000000
14276.000000
14204.000000
14200.000000
14152.000000
14216.000000
14008.000000
13908.000000
14096.000000
14184.000000
14264.000000
14116.000000
14172.000000
14104.000000
14144.000000
14120.000000
13908.000000
14236.000000
14196.000000
14172.000000
14136.000000
14168.000000
14200.000000
14168.000000
14200.000000
14076.000000
14112.000000
14068.000000
14192.000000
14204.000000
14052.000000
13816.000000
14208.000000
14068.000000
14072.000000
14088.000000
14220.000000
13912.000000
14160.000000
14088.000000
14196.000000
14264.000000
14072.000000
13916.000000
14156.000000
14192.000000
14088.000000
14200.000000
14212.000000
14196.000000
14224.000000
14220.000000
14060.000000
14204.000000
14144.000000
14140.000000
14140.000000
14128.000000
14224.000000
14192.000000
14152.000000
14204.000000
14108.000000
13908.000000
13880.000000
14144.000000
14208.000000
14096.000000
14204.000000
14160.000000
14180.000000
14208.000000
14176.000000
14192.000000
14144.000000
14116.000000
14188.000000
14116.000000
14100.000000
14120.000000
14156.000000
14208.000000
14100.000000
13980.000000
14112.000000
14056.000000
14164.000000
14192.000000
14128.000000
14256.000000
14096.000000
14200.000000
14180.000000
14264.000000
