11644.000000
11456.000000
11652.000000
11804.000000
11472.000000
11728.000000
11664.000000
11780.000000
11812.000000
11692.000000
11656.000000
11784.000000
11472.000000
11756.000000
11832.000000
11500.000000
11640.000000
11696.000000
11692.000000
11732.000000
11732.000000
11720.000000
11756.000000
11816.000000
11692.000000
11628.000000
11812.000000
11808.000000
11856.000000
11796.000000
11700.000000
11828.000000
11812.000000
11808.000000
11740.000000
11460.000000
11852.000000
11800.000000
11836.000000
11708.000000
11636.000000
11832.000000
11772.000000
11752.000000
11696.000000
11680.000000
11484.000000
11760.000000
11696.000000
11844.000000
11784.000000
11692.000000
11784.000000
11692.000000
11732.000000
11660.000000
11492.000000
11716.000000
11684.000000
11616.000000
11644.000000
11636.000000
11800.000000
11548.000000
11660.000000
11704.000000
11756.000000
11808.000000
11680.000000
11652.000000
11700.000000
11804.000000
11636.000000
11776.000000
11792.000000
11636.000000
11688.000000
11836.000000
11788.000000
11832.000000
11796.000000
11712.000000
11636.000000
11784.000000
11804.000000
11780.000000
11824.000000
11780.000000
11700.000000
11724.000000
11732.000000
11528.000000
11696.000000
11732.000000
11844.000000
11824.000000
11824.000000
11448.000000
11648.000000
11816.000000
