44412.000000
44580.000000
44504.000000
44460.000000
44672.000000
44420.000000
44504.000000
44596.000000
44352.000000
44524.000000
44448.000000
44456.000000
44420.000000
44564.000000
44564.000000
44440.000000
44456.000000
44388.000000
44616.000000
44420.000000
44516.000000
44544.000000
44560.000000
44556.000000
44472.000000
44488.000000
44560.000000
44564.000000
44408.000000
44524.000000
44472.000000
44516.000000
44484.000000
44500.000000
44588.000000
44448.000000
44556.000000
44420.000000
44560.000000
44528.000000
44476.000000
44516.000000
44504.000000
44508.000000
44568.000000
44628.000000
44528.000000
44544.000000
44440.000000
44400.000000
44508.000000
44640.000000
44424.000000
44432.000000
44436.000000
44460.000000
44504.000000
44476.000000
44508.000000
44496.000000
44412.000000
44608.000000
44464.000000
44508.000000
44476.000000
44588.000000
44500.000000
44544.000000
44604.000000
44504.000000
44440.000000
44408.000000
44628.000000
44544.000000
44552.000000
44512.000000
44496.000000
44604.000000
44524.000000
44460.000000
44516.000000
44584.000000
44380.000000
44560.000000
44392.000000
44472.000000
44560.000000
44520.000000
44476.000000
44616.000000
44464.000000
44484.000000
44520.000000
44500.000000
44416.000000
44520.000000
44436.000000
44532.000000
44512.000000
44420.000000
