20120.000000
20208.000000
20260.000000
20308.000000
20284.000000
20312.000000
20292.000000
20276.000000
20292.000000
20168.000000
20284.000000
20280.000000
20292.000000
20296.000000
20240.000000
20184.000000
20172.000000
20240.000000
20124.000000
20312.000000
20092.000000
20208.000000
20188.000000
20204.000000
20260.000000
20268.000000
20264.000000
20076.000000
20212.000000
20240.000000
20212.000000
20100.000000
20156.000000
20180.000000
20056.000000
20248.000000
20204.000000
20324.000000
20296.000000
20284.000000
20172.000000
20120.000000
20328.000000
20252.000000
20320.000000
20172.000000
20324.000000
20284.000000
20336.000000
20292.000000
20084.000000
20092.000000
20284.000000
20240.000000
20180.000000
19992.000000
20292.000000
19976.000000
20292.000000
20200.000000
20212.000000
20152.000000
44824.000000
44880.000000
44832.000000
44820.000000
44732.000000
44660.000000
44740.000000
44540.000000
44708.000000
44820.000000
44832.000000
44764.000000
44844.000000
44668.000000
44696.000000
44812.000000
44824.000000
44744.000000
44688.000000
44624.000000
44740.000000
44796.000000
44828.000000
44796.000000
44748.000000
44708.000000
44764.000000
44740.000000
44860.000000
44880.000000
44780.000000
44720.000000
44744.000000
44824.000000
44892.000000
44844.000000
44892.000000
44708.000000
44812.000000
44728.000000
44640.000000
44852.000000
44840.000000
44668.000000
44852.000000
44544.000000
44792.000000
44892.000000
44824.000000
44772.000000
44848.000000
44604.000000
44796.000000
44764.000000
44828.000000
44680.000000
44844.000000
44776.000000
44828.000000
44532.000000
44868.000000
44544.000000
44828.000000
44720.000000
44836.000000
44764.000000
44764.000000
44876.000000
44816.000000
44468.000000
44848.000000
44824.000000
44764.000000
44608.000000
44724.000000
44880.000000
44804.000000
44784.000000
44728.000000
44556.000000
44800.000000
44820.000000
44800.000000
44564.000000
44824.000000
44820.000000
44740.000000
44536.000000
44824.000000
44740.000000
44792.000000
44724.000000
44864.000000
44800.000000
44772.000000
44856.000000
44824.000000
44844.000000
44832.000000
44700.000000
