13952.000000
13824.000000
13924.000000
13896.000000
13936.000000
13876.000000
13924.000000
13888.000000
13864.000000
13976.000000
13880.000000
13836.000000
13796.000000
13896.000000
13876.000000
13932.000000
13848.000000
13892.000000
13884.000000
13860.000000
13888.000000
13852.000000
13736.000000
13780.000000
13948.000000
13696.000000
13912.000000
13736.000000
13804.000000
13976.000000
13844.000000
13932.000000
13848.000000
13900.000000
13816.000000
13948.000000
13828.000000
13844.000000
13848.000000
13956.000000
13888.000000
13824.000000
13828.000000
13984.000000
13896.000000
13676.000000
13780.000000
13880.000000
13904.000000
13760.000000
13924.000000
13944.000000
13896.000000
13880.000000
13800.000000
13912.000000
13832.000000
13912.000000
13908.000000
13908.000000
13976.000000
13956.000000
13976.000000
13936.000000
13948.000000
13960.000000
13944.000000
13848.000000
13956.000000
13912.000000
14000.000000
13760.000000
13924.000000
13884.000000
13864.000000
13784.000000
13824.000000
13928.000000
13872.000000
13844.000000
13804.000000
13896.000000
13824.000000
14004.000000
13820.000000
13876.000000
13916.000000
13916.000000
13876.000000
13996.000000
13808.000000
13808.000000
13968.000000
13908.000000
13796.000000
13924.000000
13916.000000
13884.000000
13916.000000
13724.000000
