12480.000000
12280.000000
12460.000000
12464.000000
12456.000000
12424.000000
12500.000000
12356.000000
12420.000000
12400.000000
12472.000000
12404.000000
12396.000000
12396.000000
12428.000000
12336.000000
12520.000000
12372.000000
12412.000000
12456.000000
12384.000000
12312.000000
12412.000000
12432.000000
12360.000000
12332.000000
12408.000000
12440.000000
12400.000000
12464.000000
12364.000000
12356.000000
12464.000000
12428.000000
12456.000000
12504.000000
12404.000000
12428.000000
12464.000000
12476.000000
12456.000000
12360.000000
12440.000000
12492.000000
12496.000000
12372.000000
12444.000000
12436.000000
12416.000000
12344.000000
12376.000000
12372.000000
12420.000000
12256.000000
12356.000000
12448.000000
12440.000000
12480.000000
12552.000000
12372.000000
12416.000000
12312.000000
12392.000000
12364.000000
12472.000000
12524.000000
12392.000000
12432.000000
12380.000000
12492.000000
12372.000000
12436.000000
12552.000000
12540.000000
12496.000000
12412.000000
12444.000000
12540.000000
12420.000000
12536.000000
12420.000000
12380.000000
12404.000000
12464.000000
12436.000000
12360.000000
12312.000000
12556.000000
12408.000000
12392.000000
12476.000000
12480.000000
12380.000000
12360.000000
12320.000000
12380.000000
12352.000000
12440.000000
12388.000000
12336.000000
