12524.000000
12516.000000
12548.000000
12456.000000
12552.000000
12640.000000
12576.000000
12512.000000
12624.000000
12592.000000
12524.000000
12540.000000
12680.000000
12584.000000
12496.000000
12524.000000
12440.000000
12624.000000
12624.000000
12628.000000
12544.000000
12592.000000
12552.000000
12556.000000
12644.000000
12516.000000
12560.000000
12640.000000
12640.000000
12648.000000
12648.000000
12528.000000
12652.000000
12604.000000
12672.000000
12688.000000
12532.000000
12564.000000
12440.000000
12612.000000
12612.000000
12584.000000
12548.000000
12548.000000
12548.000000
12560.000000
12540.000000
12600.000000
12616.000000
12552.000000
12608.000000
12532.000000
12628.000000
12520.000000
12604.000000
12328.000000
12580.000000
12528.000000
12596.000000
12564.000000
12580.000000
12616.000000
12624.000000
12596.000000
12596.000000
12672.000000
12588.000000
12324.000000
12592.000000
12648.000000
12452.000000
12628.000000
12476.000000
12544.000000
12544.000000
12572.000000
12620.000000
12524.000000
12528.000000
12604.000000
12652.000000
12684.000000
12588.000000
12336.000000
12676.000000
12668.000000
12552.000000
12564.000000
12652.000000
12592.000000
12424.000000
12716.000000
12636.000000
12596.000000
12548.000000
12500.000000
12636.000000
12260.000000
12512.000000
12656.000000
