110532.000000
110612.000000
110736.000000
110808.000000
110716.000000
110552.000000
110560.000000
110552.000000
110608.000000
110696.000000
110868.000000
110588.000000
110760.000000
110644.000000
110640.000000
110484.000000
110500.000000
110420.000000
110484.000000
110740.000000
110676.000000
110720.000000
110908.000000
110836.000000
110604.000000
110640.000000
110548.000000
110432.000000
110556.000000
110512.000000
110456.000000
110572.000000
110648.000000
110832.000000
110704.000000
110708.000000
110416.000000
110648.000000
110652.000000
110708.000000
110480.000000
110808.000000
110464.000000
110664.000000
110656.000000
110576.000000
110496.000000
110656.000000
110872.000000
110496.000000
110472.000000
110872.000000
110744.000000
110540.000000
110684.000000
110648.000000
110468.000000
110888.000000
110656.000000
110792.000000
110504.000000
110504.000000
110600.000000
110500.000000
110664.000000
110600.000000
110532.000000
110688.000000
110716.000000
110616.000000
110756.000000
110552.000000
110616.000000
110436.000000
110568.000000
110632.000000
110604.000000
110784.000000
110504.000000
110528.000000
110580.000000
110608.000000
110476.000000
110544.000000
110868.000000
110504.000000
110516.000000
110432.000000
110656.000000
110464.000000
110572.000000
110580.000000
110672.000000
110624.000000
110424.000000
110660.000000
110592.000000
110460.000000
110696.000000
110580.000000
