107884.000000
107916.000000
108064.000000
107908.000000
108100.000000
108128.000000
107848.000000
108280.000000
108140.000000
108004.000000
108024.000000
108000.000000
108152.000000
107800.000000
108128.000000
108124.000000
108116.000000
108284.000000
107976.000000
108004.000000
107916.000000
107772.000000
108232.000000
107980.000000
107992.000000
107956.000000
107884.000000
107916.000000
108064.000000
107908.000000
108100.000000
108128.000000
107848.000000
108280.000000
108140.000000
108004.000000
108024.000000
108000.000000
108152.000000
107800.000000
108128.000000
108124.000000
108116.000000
108284.000000
107976.000000
108004.000000
107916.000000
107772.000000
108232.000000
107980.000000
107992.000000
107956.000000
107884.000000
107916.000000
108064.000000
107908.000000
108100.000000
108128.000000
107848.000000
108280.000000
108140.000000
108004.000000
108024.000000
108000.000000
108152.000000
107800.000000
108128.000000
108124.000000
108116.000000
108284.000000
107976.000000
108004.000000
107916.000000
107772.000000
108232.000000
107980.000000
107992.000000
107956.000000
107884.000000
107916.000000
108064.000000
107908.000000
108100.000000
108128.000000
107848.000000
108280.000000
108140.000000
108004.000000
108024.000000
108000.000000
108152.000000
107800.000000
108128.000000
108124.000000
108116.000000
108284.000000
107976.000000
108004.000000
107916.000000
107772.000000
