13428.000000
13540.000000
13552.000000
13412.000000
13560.000000
13416.000000
13512.000000
13508.000000
13420.000000
13512.000000
13544.000000
13460.000000
13404.000000
13424.000000
13440.000000
13396.000000
13488.000000
13404.000000
13464.000000
13396.000000
13436.000000
13496.000000
13480.000000
13540.000000
13372.000000
13368.000000
13468.000000
13524.000000
13600.000000
13560.000000
13584.000000
13560.000000
13404.000000
13372.000000
13608.000000
13572.000000
13400.000000
13548.000000
13500.000000
13496.000000
13608.000000
13476.000000
13500.000000
13452.000000
13516.000000
13352.000000
13532.000000
13604.000000
13564.000000
13540.000000
13516.000000
13444.000000
13420.000000
13616.000000
13428.000000
13392.000000
13532.000000
13436.000000
13556.000000
13464.000000
13476.000000
13484.000000
13412.000000
13604.000000
13568.000000
13400.000000
13444.000000
13420.000000
13412.000000
13516.000000
13392.000000
13580.000000
13548.000000
13480.000000
13600.000000
13444.000000
13432.000000
13388.000000
13548.000000
13472.000000
13416.000000
13480.000000
13472.000000
13500.000000
13416.000000
13404.000000
13464.000000
13512.000000
13480.000000
13516.000000
13468.000000
13612.000000
13508.000000
13496.000000
13368.000000
13572.000000
13528.000000
13416.000000
13524.000000
13648.000000
