107880.000000
108184.000000
108060.000000
108196.000000
108008.000000
108032.000000
107968.000000
107884.000000
108140.000000
108020.000000
108064.000000
108224.000000
108144.000000
107888.000000
107880.000000
108040.000000
107992.000000
108220.000000
107912.000000
108112.000000
107948.000000
108164.000000
108288.000000
107876.000000
108112.000000
108260.000000
107884.000000
107916.000000
108064.000000
107908.000000
108100.000000
108128.000000
107848.000000
108280.000000
108140.000000
108004.000000
108024.000000
108000.000000
108152.000000
107800.000000
108128.000000
108124.000000
108116.000000
108284.000000
107976.000000
108004.000000
107916.000000
107772.000000
108232.000000
107980.000000
107992.000000
107956.000000
107880.000000
108184.000000
108060.000000
108196.000000
108008.000000
108032.000000
107968.000000
107884.000000
108140.000000
108020.000000
108064.000000
108224.000000
108144.000000
107888.000000
107880.000000
108040.000000
107992.000000
108220.000000
107912.000000
108112.000000
107948.000000
108164.000000
108288.000000
107876.000000
108112.000000
108260.000000
107884.000000
107916.000000
108064.000000
107908.000000
108100.000000
108128.000000
107848.000000
108280.000000
108140.000000
108004.000000
108024.000000
108000.000000
108152.000000
107800.000000
108128.000000
108124.000000
108116.000000
108284.000000
107976.000000
108004.000000
107916.000000
107772.000000
