12280.000000
12224.000000
12048.000000
12320.000000
12400.000000
12304.000000
12424.000000
12300.000000
12252.000000
12244.000000
12396.000000
12280.000000
12336.000000
12288.000000
12384.000000
12236.000000
12320.000000
12252.000000
12164.000000
12340.000000
12328.000000
12256.000000
12364.000000
12184.000000
12228.000000
12216.000000
12248.000000
12320.000000
12340.000000
12220.000000
12236.000000
12416.000000
12352.000000
12148.000000
12384.000000
12372.000000
12324.000000
12344.000000
12268.000000
12420.000000
12372.000000
12180.000000
12368.000000
12340.000000
12288.000000
12252.000000
12264.000000
12192.000000
12292.000000
12344.000000
12324.000000
12276.000000
12072.000000
12324.000000
12264.000000
12176.000000
12424.000000
12316.000000
12356.000000
12276.000000
12292.000000
12228.000000
12336.000000
12360.000000
12368.000000
12276.000000
12344.000000
12212.000000
12388.000000
12312.000000
12116.000000
12340.000000
12252.000000
12344.000000
12300.000000
12280.000000
12372.000000
12260.000000
12288.000000
12408.000000
12336.000000
12376.000000
12352.000000
12212.000000
12240.000000
12364.000000
12340.000000
12336.000000
12296.000000
12164.000000
12340.000000
12320.000000
12324.000000
12348.000000
12248.000000
12252.000000
12364.000000
12408.000000
12340.000000
12160.000000
