20120.000000
20208.000000
20260.000000
20308.000000
20284.000000
20312.000000
20292.000000
20276.000000
20292.000000
20168.000000
20284.000000
20280.000000
20292.000000
20296.000000
20240.000000
20184.000000
20172.000000
20240.000000
20124.000000
20312.000000
20092.000000
20208.000000
20188.000000
20204.000000
20260.000000
20268.000000
20264.000000
20076.000000
20212.000000
20240.000000
20212.000000
20100.000000
20156.000000
20180.000000
20056.000000
20248.000000
20204.000000
20324.000000
20296.000000
20284.000000
20172.000000
20120.000000
20328.000000
20252.000000
20320.000000
20172.000000
20324.000000
20284.000000
20336.000000
20292.000000
20084.000000
20092.000000
20284.000000
20240.000000
20180.000000
19992.000000
20292.000000
19976.000000
20292.000000
20200.000000
20212.000000
20152.000000
19984.000000
20284.000000
20124.000000
20268.000000
20284.000000
20200.000000
20284.000000
20288.000000
20156.000000
20204.000000
20220.000000
20112.000000
20240.000000
20104.000000
20032.000000
20336.000000
20140.000000
20228.000000
20176.000000
20336.000000
20316.000000
20276.000000
20292.000000
20188.000000
20156.000000
20224.000000
19980.000000
20308.000000
20240.000000
20248.000000
20220.000000
20156.000000
20288.000000
20176.000000
20168.000000
20184.000000
20328.000000
20156.000000
