23.880505
24.635147
24.438081
14.998234
23.970791
22.944796
23.439303
23.785365
24.470740
24.300580
24.377690
24.546052
23.996717
11.736885
24.850764
24.843268
24.527183
19.880149
19.653273
12.354565
15.929919
13.420865
15.510184
14.336363
15.596172
13.498695
13.319878
13.573604
23.057298
24.395608
15.162005
14.833668
12.314437
15.294989
24.333263
23.493395
22.692116
17.708510
20.170463
21.163278
11.234717
11.409383
11.478758
14.479623
12.286868
12.910339
11.755627
12.122626
11.235696
11.894874
10.915568
11.174702
14.682192
13.533545
11.783054
11.761913
20.631636
19.366354
25.095333
22.183814
25.307444
24.240103
25.638983
25.742429
19.313259
24.938048
25.523700
25.551867
25.136474
25.286764
25.287633
25.300765
25.733738
25.564448
25.992987
25.563616
24.816250
19.552376
23.688813
24.996595
25.568991
18.108908
15.206491
13.679245
14.553670
14.841394
18.412676
16.348369
22.410576
25.347251
13.375693
16.664921
22.700132
12.626785
11.515836
12.825023
11.414144
11.836317
11.206791
12.219596
