21.685973
21.558580
21.060856
11.159696
13.369997
16.297445
21.053912
18.532411
11.999054
11.758862
11.144257
11.700506
11.913664
11.853310
10.961856
12.665285
11.682877
11.148588
12.649440
12.772412
12.489223
11.103193
11.972840
12.277018
11.615673
11.695114
12.236633
11.905816
12.790193
13.978623
13.293924
12.669801
11.447987
13.985435
13.654100
12.932014
11.595085
11.230370
12.097353
11.492497
13.064510
13.448781
12.582633
12.784739
12.414851
12.326217
11.009076
11.964827
12.271979
11.820746
11.660247
12.068465
12.449507
12.599876
12.381682
12.370458
12.948037
12.401307
10.927326
11.477539
11.887835
11.526106
13.992599
12.946480
12.280234
11.473866
13.841980
11.176761
13.875803
12.578451
11.432474
12.798247
12.847051
12.126205
14.055836
11.252223
12.680838
11.514585
11.866400
11.596421
11.899666
12.567925
11.814494
10.845598
11.156523
11.393544
11.363845
11.826431
11.975379
12.013883
12.246544
13.105039
11.611165
11.745663
11.543657
11.312891
11.197417
11.059245
12.300337
11.060024
