73.195171
74.893651
73.119922
76.593142
72.716174
73.830734
73.604861
76.432705
76.044108
72.442662
72.592151
76.475495
73.063968
74.734268
73.515591
73.069453
76.091313
75.298412
75.024905
76.675534
74.477206
72.551252
72.053559
73.91126
73.940591
73.198564
73.75513
76.665622
73.352226
76.457546
75.207424
76.480244
76.164627
75.323143
72.41765
73.121526
72.463394
74.291777
72.981619
72.309846
73.299789
76.345883
75.873062
76.736079
73.818687
75.614531
74.944495
73.544363
73.003412
75.098265
74.755174
74.856263
76.289324
75.35549
74.367948
74.4059
75.122657
72.348963
72.980914
72.631413
73.892962
76.649948
74.439587
76.702816
75.341081
76.698079
75.561032
76.025889
72.893069
73.146657
75.671977
76.707814
73.702109
76.266586
73.856203
73.051539
72.953229
72.234802
73.631655
74.461311
72.690534
75.591637
76.149156
73.572311
74.854552
74.680669
73.655165
73.292655
74.654203
76.424432
74.891894
74.015953
75.881466
73.584527
72.886312
74.552069
76.902008
76.775139
74.246661
75.836945
