0.915508
0.912665
0.908184
0.915152
0.909271
0.910480
0.911656
0.914200
0.909419
0.917295
0.916760
0.921953
0.912584
0.914060
0.915411
0.910723
0.916470
0.908443
0.915317
0.921207
0.910630
0.907885
0.912217
0.912786
0.906021
0.909914
0.911774
0.910838
0.916919
0.919234
0.909504
0.911413
0.922014
0.915910
0.920004
0.908891
0.913879
0.913861
0.910153
0.910307
0.918069
0.919095
0.917959
0.919181
0.911268
0.912933
0.915845
0.912969
0.911429
0.910126
0.910103
0.924313
0.916462
0.914669
0.929272
0.914163
0.936420
0.921408
0.915100
0.918947
0.910406
0.914450
13.599897
11.835710
11.376006
12.642373
12.040393
11.578810
11.005544
11.570159
12.196197
11.421561
11.026351
11.166747
12.695230
12.515253
13.611281
13.477094
14.252987
15.264313
12.250706
12.320413
12.990851
12.864433
12.652024
12.081556
12.455718
12.930546
11.390535
11.357851
12.767281
11.589619
11.713943
12.474504
12.928662
12.584726
13.016195
11.451677
11.404332
11.436164
11.136920
11.471170
12.037687
13.079018
12.234780
11.200659
13.251183
12.731084
13.192266
12.659786
10.562776
12.049246
12.323205
11.981890
11.402221
12.141016
11.395598
12.048012
11.650809
11.297050
10.979642
11.589227
12.158845
11.871610
12.373714
12.435547
11.638343
11.094783
11.864713
11.659336
12.498258
12.018062
11.938215
10.950378
12.452088
12.577295
12.534827
12.215355
11.680236
11.249575
13.674201
12.118776
12.529432
10.580287
11.922078
12.955335
11.105909
11.768767
12.727932
12.515839
12.062926
11.957371
11.829193
12.204223
11.477960
12.618527
10.749394
12.284392
10.724490
12.478064
11.528707
12.157199
