0.019883
0.014321
0.016233
0.015499
0.011576
0.017166
0.012303
0.012263
0.013403
0.009149
0.008734
0.009520
0.009191
0.018019
0.010082
0.017843
0.014490
0.016887
0.019095
0.015266
0.015750
0.009316
0.009307
0.008777
0.015650
0.015471
0.016993
0.017418
0.017772
0.010017
0.014574
0.012721
0.015020
0.011390
0.016452
0.011067
0.018936
0.018069
0.010125
0.012148
0.018016
0.011422
0.016816
0.011527
0.014668
0.015067
0.020147
0.014535
0.014713
0.009545
0.013043
0.008714
0.013845
0.020282
0.015159
0.015465
0.016575
0.010891
0.009538
0.009591
0.009448
0.008738
0.014669
0.010163
0.016156
0.008731
0.011893
0.010573
0.008716
0.014468
0.019257
0.018255
0.009791
0.009180
0.017522
0.015219
0.016051
0.010726
0.015897
0.015679
0.016559
0.011772
0.019494
0.016919
0.018324
0.009842
0.008716
0.009710
0.010062
0.009122
0.008752
0.016659
0.017608
0.012280
0.016677
0.019148
0.016006
0.014039
0.013542
0.010279
