0.001584
0.001136
0.001982
0.001703
0.001701
0.001983
0.002015
0.002011
0.001996
0.001708
0.001989
0.001989
0.002008
0.001990
0.001980
0.002235
0.001255
0.001142
0.001691
0.001501
0.001205
0.001215
0.001210
0.001592
0.001611
0.001683
0.001708
0.001494
0.001501
0.001543
0.001562
0.001537
0.001536
0.001984
0.001966
0.001326
0.001326
0.001707
0.001700
0.001699
0.001325
0.001325
0.002091
0.001709
0.001727
0.001724
0.001997
0.001978
0.001998
0.001995
0.001912
0.001709
0.001504
0.001833
0.002003
0.002397
0.001995
0.001979
0.001698
0.001692
0.001700
0.001196
0.002400
0.002441
0.002382
0.001705
0.001716
0.001711
0.001700
0.001329
0.001323
0.001661
0.001200
0.001840
0.001684
0.001703
0.001325
0.001332
0.001331
0.001325
0.001341
0.001646
0.001679
0.001649
0.002000
0.002427
0.001985
0.001991
0.002415
0.001994
0.001980
0.002001
0.001513
0.001496
0.001492
0.001717
0.002391
0.002005
0.001700
0.001687
