171.584987
176.696683
177.233535
176.447861
177.058693
178.501103
178.270230
177.795106
180.204407
183.592532
194.225431
187.524573
187.265416
189.161567
187.992981
187.686190
187.881730
188.774371
189.182807
187.727761
188.002131
188.847770
190.423934
188.762537
190.970074
188.295262
187.784661
188.103890
188.491956
188.654790
177.103448
188.350217
187.166938
186.913902
187.670335
187.441308
177.384630
187.759961
189.010877
187.976801
187.716428
187.378593
186.662102
189.047437
189.089429
186.482930
188.700762
195.543962
204.323080
189.525690
205.449826
209.071961
171.584987
176.696683
177.233535
176.447861
177.058693
178.501103
178.270230
177.795106
180.204407
183.592532
194.225431
187.524573
187.265416
189.161567
187.992981
187.686190
187.881730
188.774371
189.182807
187.727761
188.002131
188.847770
190.423934
188.762537
190.970074
188.295262
187.784661
188.103890
188.491956
188.654790
177.103448
188.350217
187.166938
186.913902
187.670335
187.441308
177.384630
187.759961
189.010877
187.976801
187.716428
187.378593
186.662102
189.047437
189.089429
186.482930
188.700762
195.543962
