0.104669
0.103520
0.105888
0.105912
0.108276
0.105763
0.103953
0.107003
0.104883
0.104155
0.108056
0.105125
0.109474
0.109536
0.112775
0.105792
0.103114
0.105079
0.111992
0.103629
0.103010
0.105624
0.105738
0.106479
0.103578
0.116751
0.105719
0.104873
0.106572
0.108399
0.107461
0.105336
0.104215
0.102364
0.108327
0.107710
0.108647
0.103366
0.105835
0.102441
0.106858
0.104887
0.106450
0.114148
0.104966
0.107161
0.104764
0.103411
0.105345
0.102372
0.106596
0.113171
0.106123
0.103742
0.102673
0.102418
0.103109
0.104678
0.102886
0.105587
0.102568
0.108844
0.102718
0.102160
0.104478
0.102589
0.109258
0.109251
0.103847
0.114052
0.105707
0.104389
0.109534
0.110194
0.105523
0.104513
0.105530
0.099691
0.103218
0.104607
0.110654
0.111128
0.117081
0.106064
0.107551
0.105227
0.106156
0.102526
0.104838
0.107942
0.108226
0.103576
0.102596
0.103776
0.104325
0.105297
0.104319
0.105072
0.111854
0.105778
