0.915508
0.912665
0.908184
0.915152
0.909271
0.910480
0.911656
0.914200
0.909419
0.917295
0.916760
0.921953
0.912584
0.914060
0.915411
0.910723
0.916470
0.908443
0.915317
0.921207
0.910630
0.907885
0.912217
0.912786
0.906021
0.909914
0.911774
0.910838
0.916919
0.919234
0.909504
0.911413
0.922014
0.915910
0.920004
0.908891
0.913879
0.913861
0.910153
0.910307
0.918069
0.919095
0.917959
0.919181
0.911268
0.912933
0.915845
0.912969
0.911429
0.910126
0.910103
0.924313
0.916462
0.914669
0.929272
0.914163
0.936420
0.921408
0.915100
0.918947
0.910406
0.914450
0.924894
0.909992
0.909552
0.913936
0.925747
0.913531
0.912410
0.910240
0.906653
0.925601
0.916799
0.921008
0.910785
0.914417
0.923471
0.919118
0.910702
0.915433
0.911819
0.909481
0.915079
0.917232
0.910801
0.922310
0.920490
0.920513
0.917137
0.917477
0.917396
0.922459
0.921099
0.921686
0.907239
0.910319
0.933063
0.908492
0.916357
0.910208
