0.107556
0.104976
0.104637
0.105214
0.104040
0.105174
0.112493
0.106672
0.104994
0.107551
0.107434
0.104860
0.113743
0.107479
0.105314
0.105532
0.104742
0.106226
0.106028
0.106184
0.109077
0.105700
0.109827
0.104670
0.108646
0.105622
0.105048
0.103680
0.114573
0.107322
0.105173
0.107978
0.105006
0.106214
0.104881
0.104609
0.106343
0.105739
0.104782
0.121253
0.104967
0.104809
0.107888
0.105088
0.104689
0.104873
0.108328
0.104903
0.104231
0.107013
0.104775
0.104808
0.109693
0.105815
0.105496
0.114581
0.106380
0.112091
0.105748
0.106253
0.105252
0.104835
0.107896
0.105231
0.112292
0.105798
0.113038
0.117521
0.110898
0.111418
0.105023
0.104229
0.105639
0.105554
0.106033
0.106168
0.104627
0.111123
0.111230
0.112003
0.108701
0.105094
0.115526
0.105111
0.107657
0.112015
0.104406
0.108644
0.104736
0.107734
0.105516
0.105398
0.114418
0.108444
0.103713
0.107319
0.113965
0.104382
0.105728
0.113624
