0.919096
0.925168
0.932103
0.940650
0.928426
0.913883
0.926890
0.920061
0.959030
0.951688
0.944539
0.912947
0.934395
0.951694
0.940381
0.937519
0.950233
0.968453
0.943435
0.917124
0.912714
0.923626
0.959968
0.945270
0.966382
0.998397
0.950878
0.927605
0.919817
0.978059
0.994430
0.959391
0.963382
0.952047
0.958526
0.928820
0.914844
0.921172
0.917121
0.922770
0.931619
0.933495
0.931284
0.919522
0.935913
0.926385
0.922507
0.939242
0.918821
0.920574
0.924652
0.920721
0.940199
0.925793
0.928356
0.934613
0.921981
0.935308
0.927525
0.923527
0.933435
0.962551
0.972730
0.961162
0.923320
0.915541
0.946899
0.960066
0.961061
0.944138
0.927708
0.934159
0.923252
0.920412
0.960464
0.970640
0.952030
0.914242
0.923480
0.928403
0.924489
0.915415
0.911685
0.930152
0.924594
0.967693
0.967852
0.908212
0.920623
0.936857
0.928706
0.939521
0.964215
0.951697
0.942061
0.902513
0.923162
0.948843
0.946141
0.917821
