0.001453
0.001903
0.001679
0.001439
0.001443
0.001467
0.001431
0.002411
0.002089
0.001667
0.001908
0.001271
0.001246
0.001910
0.001645
0.001902
0.001646
0.001673
0.001498
0.001127
0.001166
0.002175
0.001903
0.001275
0.001280
0.001663
0.001631
0.001936
0.001902
0.001914
0.002290
0.001645
0.001649
0.001641
0.001650
0.001668
0.001924
0.001145
0.001147
0.001176
0.001149
0.001153
0.001168
0.001144
0.001143
0.001151
0.001642
0.001651
0.001632
0.001669
0.001291
0.001270
0.001282
0.001268
0.001280
0.001628
0.001666
0.002109
0.001929
0.001916
0.002243
0.001150
0.001454
0.001437
0.001434
0.002281
0.001642
0.001628
0.001903
0.001440
0.001438
0.002284
0.002387
0.002290
0.001905
0.001920
0.001271
0.001280
0.001039
0.001053
0.001046
0.001090
0.001177
0.001050
0.001044
0.001046
0.001053
0.001060
0.001176
0.001038
0.001050
0.001772
0.001633
0.001913
0.001925
0.001646
0.002081
0.002900
0.002193
0.001148
