0.015624
0.009946
0.008672
0.009242
0.009428
0.009274
0.011821
0.013963
0.020137
0.009649
0.008889
0.008699
0.008713
0.009767
0.014455
0.016589
0.008811
0.008995
0.009009
0.014797
0.012694
0.013152
0.010993
0.009543
0.016365
0.017698
0.013078
0.010044
0.008784
0.012981
0.012182
0.014697
0.009548
0.009475
0.009659
0.010270
0.012899
0.011536
0.015954
0.016692
0.009261
0.008852
0.012334
0.008698
0.012641
0.010053
0.009555
0.012780
0.010483
0.009366
0.009462
0.008904
0.009460
0.009461
0.011131
0.008705
0.009131
0.009076
0.009254
0.008819
0.014873
0.009434
0.008598
0.011632
0.008659
0.008665
0.011879
0.013040
0.008842
0.009757
0.010014
0.014137
0.009627
0.011595
0.009371
0.014750
0.012347
0.011315
0.012141
0.012019
0.008941
0.013262
0.009140
0.008775
0.008977
0.008771
0.011391
0.009333
0.008797
0.009106
0.012774
0.009522
0.008691
0.008796
0.012380
0.013385
0.010508
0.009430
0.009181
0.010195
