0.089504
0.093522
0.092233
0.092529
0.100179
0.089455
0.088257
0.091682
0.090241
0.089684
0.089607
0.087270
0.104439
0.112201
0.099101
0.090610
0.090573
0.089808
0.090610
0.091612
0.089974
0.090340
0.091238
0.091054
0.090116
0.088122
0.091977
0.099595
0.092077
0.091514
0.096948
0.093242
0.089489
0.091260
0.088693
0.088078
0.089914
0.092884
0.090673
0.092085
0.089920
0.087862
0.092136
0.093044
0.092309
0.090320
0.088532
0.089009
0.088468
0.087999
0.090267
0.088940
0.087835
0.095312
0.093408
0.090563
0.088255
0.089459
0.089949
0.087128
0.100611
0.087951
0.090523
0.088565
0.088307
0.091510
0.089301
0.097166
0.092213
0.092134
0.094475
0.092280
0.090908
0.088271
0.094753
0.092053
0.094256
0.087719
0.090063
0.093943
0.099368
0.090501
0.089642
0.091881
0.089523
0.092214
0.092454
0.090203
0.089914
0.092860
0.089617
0.090303
0.092534
0.090928
0.090785
0.087504
0.090989
0.092494
0.093291
0.091175
