301.120552
300.504931
298.211650
297.941967
300.015156
299.554427
299.850116
299.288427
301.259824
300.884130
306.821320
307.121632
299.813290
306.002300
304.154254
302.674495
303.339348
301.964468
301.782418
301.672092
299.269906
300.070150
302.972248
305.156182
299.626748
301.571797
301.790736
304.047572
305.791493
304.873697
302.077971
299.305835
305.640354
306.041088
302.594691
305.602616
305.666432
304.474515
304.098903
299.825859
299.766247
301.056508
303.843685
296.137703
303.471688
304.594880
299.409180
304.051256
298.980463
300.056036
302.507211
299.387007
303.394826
298.787660
297.589482
298.840865
299.683795
297.002515
300.275527
302.912274
299.019647
298.647893
299.627659
296.607038
297.516167
296.780019
300.528259
300.598970
299.594899
303.799522
301.643821
297.304542
298.031131
302.188061
299.831989
299.018891
298.672538
300.075252
298.506176
302.819979
298.561512
300.518332
303.127464
302.591167
302.045046
303.189233
298.241753
304.060937
296.423308
299.622294
300.420807
300.803131
299.515381
297.298566
302.938373
300.228702
300.828183
300.468740
301.061377
299.164932
