20560.000000
20656.000000
20896.000000
20680.000000
21024.000000
20668.000000
20724.000000
20592.000000
20804.000000
21012.000000
20652.000000
20440.000000
20896.000000
20924.000000
21068.000000
20752.000000
20704.000000
20588.000000
20820.000000
20780.000000
20872.000000
20596.000000
20536.000000
20944.000000
21064.000000
20580.000000
20532.000000
20868.000000
20632.000000
20676.000000
20876.000000
20592.000000
20744.000000
20772.000000
20760.000000
20472.000000
20532.000000
20716.000000
20808.000000
20936.000000
20724.000000
21004.000000
21000.000000
20712.000000
20716.000000
20968.000000
20684.000000
20704.000000
20636.000000
20428.000000
20760.000000
20428.000000
20824.000000
20880.000000
20592.000000
20532.000000
20636.000000
20700.000000
20656.000000
20824.000000
21016.000000
20632.000000
20836.000000
20600.000000
20776.000000
20864.000000
20680.000000
20612.000000
20616.000000
20624.000000
20904.000000
20640.000000
20712.000000
20992.000000
20656.000000
20772.000000
20596.000000
20500.000000
20496.000000
20604.000000
20980.000000
20632.000000
21008.000000
20592.000000
20736.000000
20876.000000
20908.000000
20948.000000
20412.000000
20688.000000
20632.000000
20892.000000
21084.000000
20640.000000
20772.000000
20952.000000
20760.000000
21036.000000
20620.000000
20964.000000
