11508.000000
11604.000000
11784.000000
11648.000000
11540.000000
11660.000000
11540.000000
11832.000000
11868.000000
11900.000000
11624.000000
11544.000000
11684.000000
11720.000000
11452.000000
11736.000000
11748.000000
11856.000000
11536.000000
11584.000000
11724.000000
11768.000000
11568.000000
11668.000000
11512.000000
11760.000000
11544.000000
11608.000000
11788.000000
11904.000000
11552.000000
11908.000000
11584.000000
11872.000000
11784.000000
11844.000000
11868.000000
11572.000000
11592.000000
11664.000000
11796.000000
11684.000000
11816.000000
11972.000000
11532.000000
11560.000000
11600.000000
11448.000000
11912.000000
11732.000000
11548.000000
11800.000000
11556.000000
11668.000000
11544.000000
11804.000000
11564.000000
11688.000000
11700.000000
11532.000000
11636.000000
11560.000000
11548.000000
11684.000000
11868.000000
11772.000000
11708.000000
11680.000000
11768.000000
11728.000000
11504.000000
11816.000000
11720.000000
11456.000000
11676.000000
11508.000000
11860.000000
11716.000000
11512.000000
11768.000000
11500.000000
11664.000000
11752.000000
11640.000000
11560.000000
11712.000000
11504.000000
11368.000000
11804.000000
11576.000000
11548.000000
11424.000000
11628.000000
11460.000000
11748.000000
11724.000000
11548.000000
11624.000000
11732.000000
11452.000000
