12372.000000
12380.000000
12276.000000
12404.000000
12488.000000
12384.000000
12444.000000
12512.000000
12324.000000
12344.000000
12452.000000
12396.000000
12316.000000
12312.000000
12448.000000
12520.000000
12364.000000
12436.000000
12460.000000
12368.000000
12356.000000
12412.000000
12380.000000
12476.000000
12476.000000
12468.000000
12484.000000
12480.000000
12488.000000
12376.000000
12560.000000
12416.000000
12464.000000
12420.000000
12356.000000
12400.000000
12428.000000
12492.000000
12396.000000
12540.000000
12472.000000
12540.000000
12468.000000
12420.000000
12428.000000
12516.000000
12512.000000
12452.000000
12444.000000
12388.000000
12412.000000
12536.000000
12532.000000
12408.000000
12508.000000
12404.000000
12460.000000
12380.000000
12400.000000
12528.000000
12504.000000
12452.000000
12388.000000
12328.000000
12480.000000
12552.000000
12540.000000
12352.000000
12360.000000
12372.000000
12440.000000
12368.000000
12368.000000
12336.000000
12380.000000
12500.000000
12552.000000
12424.000000
12436.000000
12400.000000
12472.000000
12420.000000
12340.000000
12316.000000
12400.000000
12452.000000
12424.000000
12424.000000
12340.000000
12520.000000
12308.000000
12496.000000
12444.000000
12376.000000
12368.000000
12396.000000
12344.000000
12452.000000
12468.000000
12492.000000
