11880.000000
11760.000000
12180.000000
12172.000000
11720.000000
11844.000000
11964.000000
11896.000000
11784.000000
12216.000000
11660.000000
12188.000000
11604.000000
12072.000000
11672.000000
11816.000000
11884.000000
12244.000000
11836.000000
12136.000000
11916.000000
11708.000000
11988.000000
11672.000000
11988.000000
12052.000000
12056.000000
11908.000000
11880.000000
11804.000000
11752.000000
12180.000000
11724.000000
11864.000000
11916.000000
11680.000000
11856.000000
11876.000000
11940.000000
11924.000000
12104.000000
12172.000000
11544.000000
12236.000000
11860.000000
11712.000000
11848.000000
11772.000000
12100.000000
11904.000000
11784.000000
12044.000000
12032.000000
11868.000000
11792.000000
12168.000000
11752.000000
11796.000000
11856.000000
12160.000000
11732.000000
11700.000000
11936.000000
11752.000000
12176.000000
11872.000000
11668.000000
11868.000000
12192.000000
12060.000000
12152.000000
11872.000000
11892.000000
11876.000000
11568.000000
11612.000000
11528.000000
11992.000000
11744.000000
12088.000000
12064.000000
12124.000000
11932.000000
11720.000000
11740.000000
11992.000000
11976.000000
12056.000000
12128.000000
12144.000000
12164.000000
11884.000000
11968.000000
12008.000000
11788.000000
12092.000000
11876.000000
11708.000000
11852.000000
11716.000000
