11756.000000
11424.000000
11784.000000
11784.000000
11640.000000
11596.000000
11876.000000
11408.000000
11624.000000
11840.000000
11620.000000
11752.000000
11720.000000
11776.000000
11692.000000
11548.000000
11688.000000
11508.000000
11364.000000
11792.000000
11548.000000
11524.000000
11704.000000
11572.000000
11824.000000
11536.000000
11780.000000
11652.000000
11456.000000
11648.000000
11660.000000
11752.000000
11384.000000
11788.000000
11888.000000
11744.000000
11520.000000
11608.000000
11484.000000
11508.000000
11628.000000
11728.000000
11784.000000
11816.000000
11576.000000
11868.000000
11660.000000
11784.000000
11720.000000
11332.000000
11892.000000
11644.000000
11440.000000
11528.000000
11644.000000
11444.000000
11596.000000
11700.000000
11392.000000
11532.000000
11752.000000
11652.000000
11852.000000
11724.000000
11564.000000
11516.000000
11884.000000
11640.000000
11788.000000
11580.000000
11636.000000
11608.000000
11504.000000
11684.000000
11904.000000
11560.000000
11824.000000
11560.000000
11600.000000
11444.000000
11684.000000
11724.000000
11684.000000
11888.000000
11568.000000
11660.000000
11716.000000
11720.000000
11504.000000
11576.000000
11400.000000
11896.000000
11564.000000
11576.000000
11716.000000
11716.000000
11572.000000
11580.000000
11672.000000
11708.000000
