11896.000000
11872.000000
12060.000000
11916.000000
12080.000000
12196.000000
12148.000000
11760.000000
11704.000000
11852.000000
11776.000000
12088.000000
11844.000000
11844.000000
12104.000000
11956.000000
12056.000000
11728.000000
12156.000000
12152.000000
11880.000000
11840.000000
12148.000000
12156.000000
11916.000000
12256.000000
11760.000000
12180.000000
11812.000000
11920.000000
11864.000000
11736.000000
11692.000000
12164.000000
11704.000000
11824.000000
11976.000000
12012.000000
12012.000000
11776.000000
12172.000000
11740.000000
11752.000000
12024.000000
12024.000000
12180.000000
11920.000000
11792.000000
12012.000000
11956.000000
12060.000000
12176.000000
12304.000000
11840.000000
11968.000000
11804.000000
11848.000000
11832.000000
12192.000000
11660.000000
12172.000000
11884.000000
12164.000000
12052.000000
12196.000000
12172.000000
12072.000000
12048.000000
11840.000000
11696.000000
11820.000000
11804.000000
11804.000000
12088.000000
12112.000000
12068.000000
11752.000000
12060.000000
12188.000000
12092.000000
12124.000000
12172.000000
12068.000000
11740.000000
11888.000000
11712.000000
11920.000000
12004.000000
12092.000000
11648.000000
11880.000000
11908.000000
12088.000000
12100.000000
11856.000000
12128.000000
11704.000000
12096.000000
11680.000000
11972.000000
