12924.000000
13024.000000
13280.000000
13044.000000
12952.000000
12872.000000
13232.000000
13060.000000
13216.000000
13384.000000
12968.000000
13188.000000
12968.000000
12560.000000
12892.000000
13260.000000
12968.000000
13184.000000
12828.000000
13068.000000
12808.000000
12940.000000
13192.000000
13384.000000
12860.000000
12940.000000
12996.000000
12932.000000
12876.000000
13420.000000
13344.000000
12876.000000
13372.000000
13260.000000
13036.000000
12992.000000
13428.000000
12768.000000
13076.000000
13080.000000
12844.000000
13344.000000
12972.000000
13164.000000
13080.000000
13424.000000
12952.000000
13232.000000
12888.000000
13392.000000
13212.000000
13192.000000
13252.000000
12644.000000
12908.000000
13200.000000
13192.000000
12896.000000
12992.000000
13216.000000
13276.000000
13216.000000
12956.000000
13260.000000
12932.000000
12852.000000
12844.000000
13164.000000
12792.000000
13028.000000
12800.000000
13272.000000
13212.000000
13348.000000
13012.000000
13200.000000
13216.000000
12828.000000
13328.000000
13160.000000
12556.000000
12940.000000
13212.000000
12800.000000
13316.000000
12916.000000
12864.000000
13372.000000
13208.000000
13008.000000
13220.000000
12912.000000
13088.000000
13256.000000
13220.000000
12944.000000
13380.000000
12900.000000
13032.000000
13108.000000
