11716.000000
11868.000000
11976.000000
11896.000000
11960.000000
11780.000000
11776.000000
11892.000000
11712.000000
12172.000000
12168.000000
12172.000000
11808.000000
12184.000000
11996.000000
12180.000000
11864.000000
12256.000000
11840.000000
11764.000000
11980.000000
12248.000000
11768.000000
12068.000000
12272.000000
11976.000000
12028.000000
12144.000000
12140.000000
11780.000000
11892.000000
12032.000000
11924.000000
11832.000000
11660.000000
11936.000000
11892.000000
11668.000000
11900.000000
12128.000000
12176.000000
11944.000000
11880.000000
12060.000000
12184.000000
12168.000000
11676.000000
11824.000000
12048.000000
11624.000000
12108.000000
11700.000000
11804.000000
12144.000000
11824.000000
11860.000000
12164.000000
11704.000000
12132.000000
12104.000000
11892.000000
11700.000000
11716.000000
11708.000000
12024.000000
11728.000000
12112.000000
12088.000000
11984.000000
11900.000000
11792.000000
12180.000000
12068.000000
11676.000000
11688.000000
11892.000000
12256.000000
11764.000000
11924.000000
12192.000000
11840.000000
11784.000000
11884.000000
11984.000000
12052.000000
11868.000000
11860.000000
11776.000000
11848.000000
11868.000000
11752.000000
12168.000000
11792.000000
11944.000000
12160.000000
11832.000000
11756.000000
12132.000000
11980.000000
12180.000000
