11460.000000
11892.000000
11956.000000
11572.000000
11504.000000
11648.000000
11872.000000
11756.000000
11300.000000
11568.000000
11512.000000
11792.000000
11824.000000
11732.000000
11888.000000
11964.000000
11736.000000
11860.000000
11784.000000
11560.000000
11436.000000
11624.000000
11552.000000
11728.000000
11740.000000
11540.000000
11544.000000
11544.000000
11864.000000
11556.000000
11464.000000
11872.000000
11768.000000
11760.000000
11760.000000
11500.000000
11616.000000
11676.000000
11640.000000
11540.000000
11416.000000
11392.000000
11712.000000
11732.000000
11656.000000
11756.000000
11664.000000
11716.000000
11760.000000
11588.000000
11580.000000
11900.000000
11660.000000
11636.000000
11764.000000
11664.000000
11632.000000
11656.000000
11452.000000
11664.000000
11636.000000
11612.000000
11872.000000
11592.000000
11460.000000
11896.000000
11692.000000
11620.000000
11524.000000
11752.000000
11692.000000
11832.000000
11744.000000
11716.000000
11408.000000
11708.000000
11520.000000
11892.000000
11444.000000
11716.000000
11956.000000
11616.000000
11628.000000
11848.000000
11772.000000
11864.000000
11684.000000
11824.000000
11460.000000
11688.000000
11600.000000
11760.000000
11620.000000
11732.000000
11712.000000
11756.000000
11576.000000
11712.000000
11312.000000
11720.000000
