20200.000000
20600.000000
20236.000000
20684.000000
20408.000000
20352.000000
20448.000000
20780.000000
20644.000000
20240.000000
20608.000000
20640.000000
20352.000000
20396.000000
20188.000000
20316.000000
20372.000000
20376.000000
20712.000000
20368.000000
20508.000000
20196.000000
20404.000000
20460.000000
20420.000000
20364.000000
20732.000000
20444.000000
20704.000000
20224.000000
20656.000000
20700.000000
20280.000000
20380.000000
20208.000000
20652.000000
20640.000000
20420.000000
20648.000000
20352.000000
20252.000000
20548.000000
20784.000000
20692.000000
20592.000000
20340.000000
20220.000000
20412.000000
20616.000000
20332.000000
20412.000000
20304.000000
20360.000000
20260.000000
20644.000000
20692.000000
20280.000000
20832.000000
20328.000000
20340.000000
20716.000000
20272.000000
20368.000000
20600.000000
20292.000000
20264.000000
20340.000000
20312.000000
20568.000000
20348.000000
20748.000000
20596.000000
20636.000000
20684.000000
20544.000000
20332.000000
20252.000000
20628.000000
20816.000000
20652.000000
20644.000000
20696.000000
20304.000000
20440.000000
20380.000000
20260.000000
20292.000000
20368.000000
20352.000000
20616.000000
20380.000000
20700.000000
20684.000000
20360.000000
20248.000000
20380.000000
20268.000000
20456.000000
20164.000000
20260.000000
