12796.000000
13120.000000
12580.000000
12784.000000
12456.000000
12672.000000
12884.000000
12816.000000
12776.000000
12556.000000
12668.000000
13012.000000
12972.000000
12680.000000
12744.000000
12964.000000
12924.000000
12836.000000
12704.000000
12636.000000
12504.000000
13016.000000
13012.000000
12736.000000
12624.000000
12504.000000
12836.000000
12780.000000
13200.000000
12432.000000
13044.000000
12496.000000
12952.000000
12604.000000
12676.000000
12624.000000
12792.000000
12796.000000
12712.000000
12584.000000
12644.000000
13112.000000
12960.000000
12756.000000
12896.000000
13060.000000
12980.000000
12868.000000
13060.000000
12988.000000
12832.000000
12768.000000
12580.000000
12976.000000
12612.000000
12640.000000
12984.000000
12580.000000
12804.000000
12612.000000
12684.000000
12476.000000
12836.000000
13148.000000
12852.000000
12936.000000
12332.000000
12696.000000
12732.000000
12868.000000
12512.000000
12976.000000
12400.000000
12616.000000
12500.000000
12504.000000
12948.000000
12580.000000
12876.000000
12544.000000
12568.000000
12548.000000
13012.000000
12824.000000
12704.000000
13040.000000
12436.000000
12764.000000
12644.000000
12992.000000
12748.000000
12596.000000
12708.000000
12596.000000
12752.000000
12632.000000
12504.000000
12808.000000
12724.000000
12464.000000
