13580.000000
13568.000000
13552.000000
13520.000000
13528.000000
13564.000000
13380.000000
13516.000000
13536.000000
13524.000000
13416.000000
13632.000000
13504.000000
13544.000000
13484.000000
13440.000000
13496.000000
13568.000000
13392.000000
13384.000000
13364.000000
13400.000000
13548.000000
13448.000000
13440.000000
13524.000000
13456.000000
13500.000000
13564.000000
13576.000000
13536.000000
13488.000000
13424.000000
13532.000000
13392.000000
13400.000000
13524.000000
13392.000000
13464.000000
13612.000000
13412.000000
13532.000000
13552.000000
13400.000000
13480.000000
13528.000000
13564.000000
13532.000000
13452.000000
13480.000000
13604.000000
13524.000000
13516.000000
13360.000000
13368.000000
13452.000000
13464.000000
13536.000000
13440.000000
13500.000000
13532.000000
13652.000000
13504.000000
13488.000000
13396.000000
13476.000000
13616.000000
13536.000000
13416.000000
13460.000000
13468.000000
13388.000000
13452.000000
13404.000000
13416.000000
13400.000000
13624.000000
13508.000000
13416.000000
13464.000000
13392.000000
13572.000000
13528.000000
13524.000000
13420.000000
13420.000000
13420.000000
13600.000000
13424.000000
13568.000000
13560.000000
13536.000000
13584.000000
13452.000000
13432.000000
13532.000000
13428.000000
13572.000000
13476.000000
13560.000000
