11676.000000
12064.000000
12012.000000
12156.000000
11892.000000
11988.000000
11696.000000
12052.000000
11884.000000
11732.000000
11984.000000
12096.000000
11916.000000
11788.000000
12156.000000
12176.000000
11936.000000
12020.000000
12020.000000
11736.000000
11836.000000
11732.000000
11776.000000
11768.000000
11792.000000
11768.000000
11740.000000
11904.000000
12056.000000
11824.000000
11836.000000
11872.000000
12116.000000
11836.000000
11936.000000
11856.000000
12156.000000
11960.000000
12032.000000
11960.000000
11892.000000
11844.000000
11832.000000
11888.000000
11936.000000
12228.000000
11656.000000
12104.000000
11792.000000
11828.000000
12060.000000
12168.000000
12168.000000
11888.000000
11964.000000
12156.000000
12192.000000
12000.000000
12184.000000
11776.000000
11860.000000
11676.000000
11872.000000
12072.000000
11624.000000
11808.000000
12108.000000
11852.000000
12084.000000
11832.000000
11788.000000
11596.000000
12020.000000
11700.000000
11916.000000
12096.000000
11960.000000
11900.000000
11700.000000
12180.000000
11800.000000
12056.000000
12188.000000
11996.000000
12104.000000
12212.000000
11704.000000
12088.000000
11660.000000
11968.000000
11896.000000
11800.000000
11860.000000
12104.000000
11796.000000
11868.000000
11692.000000
11764.000000
11716.000000
11676.000000
