18124.000000
18352.000000
18268.000000
18248.000000
18148.000000
18296.000000
18208.000000
18272.000000
18216.000000
18156.000000
18256.000000
18328.000000
18304.000000
18316.000000
18336.000000
18172.000000
18156.000000
18280.000000
18200.000000
18364.000000
18284.000000
18296.000000
18284.000000
18240.000000
18160.000000
18272.000000
18208.000000
18172.000000
18284.000000
18340.000000
18324.000000
18248.000000
18344.000000
18320.000000
18268.000000
18360.000000
18172.000000
18292.000000
18240.000000
18344.000000
18188.000000
18168.000000
18204.000000
18188.000000
18240.000000
18284.000000
18356.000000
18212.000000
18308.000000
18356.000000
18216.000000
18352.000000
18232.000000
18280.000000
18280.000000
18192.000000
18320.000000
18260.000000
18264.000000
18244.000000
18268.000000
18128.000000
18176.000000
18328.000000
18224.000000
18228.000000
18192.000000
18372.000000
18268.000000
18208.000000
18244.000000
18200.000000
18372.000000
18244.000000
18376.000000
18204.000000
18200.000000
18248.000000
18288.000000
18184.000000
18264.000000
18220.000000
18220.000000
18252.000000
18200.000000
18300.000000
18224.000000
18284.000000
18276.000000
18356.000000
18228.000000
18304.000000
18160.000000
18184.000000
18196.000000
18248.000000
18272.000000
18284.000000
18292.000000
18176.000000
