11452.000000
11784.000000
11708.000000
11668.000000
11788.000000
11724.000000
11576.000000
11748.000000
11768.000000
11512.000000
11572.000000
11580.000000
11520.000000
11448.000000
11724.000000
11628.000000
11760.000000
11512.000000
11332.000000
11896.000000
11604.000000
11668.000000
11604.000000
11412.000000
11912.000000
11868.000000
11888.000000
11444.000000
11496.000000
11620.000000
11592.000000
11752.000000
11704.000000
11768.000000
11948.000000
11872.000000
11576.000000
11684.000000
11536.000000
11536.000000
11400.000000
11652.000000
11780.000000
11516.000000
11688.000000
11572.000000
11640.000000
11524.000000
11572.000000
11716.000000
11664.000000
11568.000000
11616.000000
11624.000000
11688.000000
11544.000000
11696.000000
11436.000000
11464.000000
11796.000000
11632.000000
11652.000000
11692.000000
11584.000000
11584.000000
11356.000000
11764.000000
11764.000000
11816.000000
11788.000000
11508.000000
11680.000000
11696.000000
11584.000000
11832.000000
11616.000000
11600.000000
11688.000000
11768.000000
11448.000000
11792.000000
11476.000000
11700.000000
11484.000000
11544.000000
11752.000000
11528.000000
11900.000000
11668.000000
11404.000000
11652.000000
11800.000000
11552.000000
11948.000000
11572.000000
11500.000000
11908.000000
11508.000000
11564.000000
11588.000000
