34240.000000
34572.000000
34364.000000
34584.000000
34412.000000
34464.000000
34144.000000
34400.000000
34240.000000
34452.000000
34396.000000
34424.000000
34556.000000
34408.000000
34568.000000
34468.000000
34336.000000
34396.000000
34444.000000
34416.000000
34348.000000
34496.000000
34416.000000
34404.000000
34300.000000
34516.000000
33980.000000
34408.000000
34200.000000
34296.000000
34008.000000
34400.000000
34296.000000
34536.000000
34440.000000
33960.000000
34124.000000
34316.000000
34640.000000
34076.000000
34392.000000
34460.000000
34136.000000
34032.000000
34236.000000
34064.000000
34624.000000
34380.000000
34440.000000
34060.000000
34320.000000
34256.000000
34628.000000
34376.000000
34072.000000
34424.000000
34544.000000
34488.000000
34212.000000
34424.000000
34632.000000
34444.000000
34468.000000
34408.000000
34148.000000
34348.000000
34344.000000
34248.000000
34188.000000
34520.000000
34628.000000
34404.000000
34496.000000
34020.000000
34648.000000
33856.000000
34412.000000
34336.000000
34276.000000
34260.000000
34228.000000
34376.000000
34408.000000
34324.000000
34152.000000
34368.000000
34144.000000
34336.000000
34484.000000
34324.000000
34344.000000
34552.000000
34260.000000
34416.000000
34616.000000
34144.000000
34184.000000
34344.000000
34544.000000
34524.000000
