25.012724
25.012737
25.339640
25.384440
27.984044
27.942960
28.650819
28.650833
29.511158
29.511177
30.660639
30.620821
31.039451
30.990911
31.264764
31.264786
29.242719
29.199706
30.035607
30.035621
27.862581
27.824601
29.017237
29.017262
29.506214
29.467504
29.891421
29.891404
29.342140
29.381264
29.501217
29.501225
30.752757
30.752777
31.054260
31.010434
29.161357
29.204118
29.724992
29.725011
29.221323
29.182998
29.862011
29.862017
27.042142
27.042156
28.669568
28.631413
27.958839
27.958860
28.241350
28.280368
29.185137
29.185156
30.449080
30.407846
29.907103
29.866688
29.964288
29.964307
29.405779
29.405800
29.733751
29.692141
27.357222
27.397507
28.434439
28.434460
25.417966
25.417986
25.605441
25.643815
28.354387
28.311723
28.311809
28.311798
29.087388
29.046167
29.724023
29.724036
29.231335
29.269301
30.151879
30.151887
27.894785
27.853791
29.253546
29.253561
27.631079
27.668959
28.227542
28.227560
28.087625
28.048335
28.220686
28.220706
27.975331
28.015705
28.745051
28.745069
