0.000429
0.000427
0.000551
0.000510
0.000750
0.000786
0.000746
0.000748
0.000727
0.000769
0.000727
0.000726
0.000804
0.000755
0.000756
0.000760
0.000597
0.000553
0.000751
0.000751
0.000349
0.000386
0.000355
0.000355
0.000353
0.000352
0.000391
0.000354
0.000931
0.000971
0.000930
0.000929
0.000691
0.000693
0.000691
0.000733
0.000550
0.000548
0.000694
0.000727
0.000690
0.000688
0.000687
0.000730
0.000689
0.000686
0.000687
0.000726
0.001702
0.001702
0.001700
0.001809
0.001559
0.001558
0.001555
0.001632
0.000346
0.000383
0.000347
0.000348
0.000535
0.000533
0.000687
0.000725
0.000689
0.000731
0.000685
0.000685
0.000350
0.000350
0.000391
0.000350
0.000348
0.000383
0.000345
0.000346
0.000829
0.000691
0.000689
0.000689
0.000521
0.000522
0.000689
0.000723
0.000741
0.000696
0.000691
0.000692
0.000696
0.000736
0.000693
0.000692
0.000692
0.000695
0.000730
0.000697
0.000695
0.000732
0.000690
0.000692
