0.039135
0.039126
0.039819
0.039127
0.040599
0.041287
0.040590
0.040597
0.030024
0.030025
0.040720
0.041309
0.029161
0.029161
0.039171
0.038587
0.040031
0.040030
0.040034
0.040729
0.030179
0.030869
0.030993
0.030996
0.039923
0.039920
0.039915
0.040609
0.039683
0.039682
0.040398
0.039698
0.040009
0.039320
0.039400
0.039403
0.029817
0.029123
0.038297
0.038298
0.029949
0.030643
0.040561
0.040561
0.035300
0.035301
0.039356
0.040061
0.043483
0.043482
0.044093
0.043499
0.034486
0.033779
0.033830
0.033833
0.019493
0.020068
0.019527
0.019525
0.030026
0.029327
0.039637
0.039636
0.019565
0.020160
0.019665
0.019666
0.019530
0.019528
0.019550
0.020128
0.039593
0.039591
0.040237
0.039661
0.029921
0.029221
0.039956
0.039955
0.040457
0.040456
0.041225
0.040514
0.019594
0.019600
0.019634
0.020227
0.030759
0.031450
0.039876
0.039875
0.039257
0.039257
0.039339
0.039918
0.035436
0.035434
0.035438
0.036016
