24.937655
24.892895
25.068538
25.068560
26.522039
26.522059
26.742948
26.701236
24.775382
24.775363
25.334288
25.377138
28.305392
28.345627
28.435648
28.435630
27.323208
27.365948
28.421577
28.421556
28.716698
28.676131
29.421655
29.421677
26.458633
26.458618
27.123406
27.161837
28.058195
28.058215
28.761905
28.722024
29.049282
29.049304
29.591893
29.629967
26.981157
27.019492
28.030340
28.030354
27.529341
27.529363
27.772815
27.818018
27.917479
27.875083
28.458022
28.458044
28.115641
28.157735
28.306810
28.306829
27.582168
27.582191
28.423838
28.465905
28.308904
28.308912
28.851828
28.890864
28.059308
28.020870
28.114811
28.114796
29.508681
29.465906
29.805066
29.805081
26.114684
26.114698
26.502973
26.544523
30.563037
30.563058
31.185639
31.225179
26.205102
26.205106
26.234941
26.273306
28.577249
28.577263
28.816821
28.861559
29.080814
29.038857
29.116639
29.116610
26.185260
26.185281
26.588513
26.546093
29.260085
29.260107
30.139033
30.180185
29.033356
29.071234
29.678514
29.678534
