1.492498
1.482695
1.491388
1.491397
1.440531
1.440538
1.461793
1.451975
1.488112
1.478237
1.480056
1.480047
1.454851
1.465517
1.472402
1.472410
1.481681
1.470339
1.471429
1.471437
2.217683
2.217688
2.222268
2.233844
2.156974
2.168424
2.169820
2.169833
2.109256
2.109259
2.132450
2.142533
2.221442
2.221450
2.244644
2.256262
2.195863
2.195854
2.210408
2.220234
2.352057
2.342092
2.391052
2.391062
2.231317
2.231322
2.284148
2.295643
2.118937
2.118945
2.138194
2.148055
2.358872
2.349048
2.358831
2.358841
2.119356
2.119360
2.134280
2.144270
2.124535
2.134332
2.136813
2.136824
2.128773
2.138632
2.133286
2.133297
2.234696
2.234679
2.260519
2.272252
2.168619
2.168631
2.174078
2.183941
2.115948
2.125734
2.135564
2.135575
2.118143
2.118153
2.132959
2.142761
2.194936
2.184922
2.190075
2.190069
2.088489
2.088500
2.107979
2.097921
2.118941
2.118953
2.135132
2.123485
2.102045
2.102062
2.115473
2.104121
