0.162936
0.165564
0.163432
0.163438
0.230144
0.232922
0.230670
0.230675
0.181810
0.181831
0.188704
0.182141
0.201242
0.198652
0.198669
0.198660
0.170229
0.170239
0.178045
0.173483
0.167708
0.167716
0.170643
0.168082
0.189133
0.195700
0.192262
0.192253
0.244838
0.244855
0.259141
0.262239
0.165932
0.165941
0.166136
0.168707
0.197450
0.197460
0.200780
0.197842
0.255829
0.252888
0.312642
0.312648
0.195400
0.195408
0.198499
0.195413
0.163150
0.165717
0.163571
0.163577
0.189568
0.192715
0.189773
0.189796
0.195445
0.195453
0.196428
0.200332
0.165108
0.162537
0.162900
0.162905
0.176326
0.179278
0.176684
0.176691
0.259720
0.262716
0.259728
0.259706
0.188197
0.185609
0.185816
0.185823
0.172060
0.169101
0.170850
0.170861
0.247260
0.244278
0.244612
0.244620
0.247968
0.250929
0.248058
0.248053
0.205063
0.205072
0.205922
0.208503
0.167978
0.167987
0.168349
0.171646
0.199698
0.196744
0.196774
0.196784
