1.538949
1.548999
1.545238
1.545254
2.182618
2.192469
2.183211
2.183216
2.219863
2.208642
2.208880
2.208892
2.241765
2.241775
2.291877
2.281182
2.191154
2.191163
2.201201
2.191271
2.189010
2.177726
2.191806
2.191819
2.324063
2.334230
2.328184
2.328189
2.130099
2.130090
2.142110
2.132357
2.274050
2.285097
2.278421
2.278435
2.175086
2.175097
2.187419
2.177317
2.162074
2.171917
2.268172
2.268179
2.164805
2.175406
2.179875
2.179870
2.164223
2.175508
2.196630
2.196623
2.186756
2.186767
2.210283
2.200452
2.227088
2.227098
2.247393
2.235421
2.145931
2.145942
2.176552
2.187332
2.409314
2.397342
2.407922
2.407930
2.217966
2.206556
2.216165
2.216174
2.117128
2.117136
2.159087
2.169607
2.293214
2.293224
2.353127
2.363055
2.108811
2.118760
2.126955
2.126962
2.161899
2.171924
2.182478
2.182469
2.142859
2.152696
2.167404
2.167415
2.144713
2.134846
2.159624
2.159636
2.112055
2.121917
2.162298
2.162304
