5.552715
5.430479
5.430257
5.431802
5.622572
5.664338
5.459205
5.586867
5.470949
5.439763
5.637155
5.466028
5.557658
5.523310
5.632938
5.461093
5.530764
5.634711
5.469060
5.431700
5.465266
5.550697
5.571624
5.433489
5.437992
5.442706
5.436621
5.579700
5.601473
5.750692
5.545988
5.630468
5.622516
5.627590
5.451195
5.453527
5.623492
5.444056
5.644754
5.472014
5.469308
5.463730
5.516937
5.589729
5.443590
5.605346
5.589218
5.507842
5.526390
5.443843
5.559241
5.623219
5.589020
5.437305
5.636539
5.470431
5.576166
5.430969
5.460924
5.579502
5.426663
5.436200
6.263139
5.637120
5.508132
5.516339
5.478672
5.587519
5.591929
5.431074
5.621954
5.734891
5.654701
5.648574
5.454819
5.470730
5.466451
5.604796
5.500252
5.493570
5.638679
5.675584
5.482993
5.506446
5.633952
5.588363
5.502211
5.587408
5.499368
5.641681
5.475878
5.527851
5.606020
5.546916
5.602564
5.463861
5.595797
5.642365
5.561645
5.447337
