0.202675
0.205729
0.206021
0.206025
0.169322
0.169329
0.172272
0.169693
0.189273
0.189265
0.193813
0.190801
0.163608
0.163598
0.166273
0.163617
0.214183
0.214183
0.218491
0.215901
0.224281
0.224289
0.224337
0.227386
0.168117
0.168125
0.171645
0.169021
0.232646
0.230074
0.234804
0.234810
0.197527
0.200663
0.197601
0.197594
0.202101
0.199091
0.199315
0.199310
0.168151
0.171187
0.168250
0.168241
0.212018
0.215501
0.212032
0.212044
0.184273
0.181182
0.181756
0.181761
0.168370
0.168374
0.171361
0.168465
0.166502
0.163672
0.163791
0.163791
0.182613
0.182614
0.183341
0.186316
0.326599
0.329862
0.326600
0.326589
0.194548
0.191503
0.191959
0.191949
0.212034
0.209430
0.210074
0.210073
0.163222
0.163227
0.166579
0.164027
0.203227
0.200172
0.202515
0.202524
0.210926
0.210933
0.216819
0.213796
0.175741
0.173171
0.175897
0.175889
0.194264
0.196851
0.199527
0.199519
0.184050
0.190698
0.185350
0.185368
