0.005020
0.005020
0.005025
0.005201
0.002514
0.002514
0.002662
0.002516
0.002710
0.002902
0.002707
0.002703
0.005183
0.004998
0.005001
0.005002
0.005159
0.004969
0.004965
0.004979
0.004035
0.004217
0.005562
0.005562
0.005048
0.005049
0.005058
0.005213
0.005507
0.005502
0.005509
0.005666
0.002529
0.002528
0.002696
0.002545
0.002530
0.002525
0.002682
0.002526
0.005168
0.005350
0.005167
0.005167
0.002544
0.002537
0.002537
0.002693
0.003853
0.004033
0.005187
0.005187
0.003702
0.003882
0.004924
0.004924
0.005548
0.005544
0.005713
0.005560
0.006739
0.007011
0.006740
0.006735
0.005703
0.005522
0.005534
0.005530
0.003923
0.003920
0.005604
0.005447
0.003683
0.003685
0.005027
0.005194
0.004800
0.004817
0.004822
0.005205
0.002551
0.002556
0.002551
0.002708
0.006863
0.006859
0.006858
0.007195
0.004995
0.004993
0.005167
0.005014
0.005162
0.005311
0.005163
0.005158
0.003877
0.003878
0.005268
0.005420
