154.551700
148.527497
152.317198
142.445531
151.011322
149.641104
141.305496
141.282224
139.583301
139.084875
144.804939
147.095540
145.681241
145.051506
149.249878
145.733349
146.826383
151.340187
150.583241
150.487474
150.176271
151.497656
148.807094
146.961960
146.764322
143.177836
144.863071
142.857921
141.511058
143.007373
138.951722
140.294641
142.948989
141.647974
143.152820
137.711662
141.999581
136.815934
141.655388
138.567184
141.593310
138.884312
142.540709
143.466002
141.152801
141.152976
139.380232
159.062654
172.593823
174.624398
178.172970
175.568609
174.115091
174.224861
174.523213
174.477817
174.317465
175.322642
177.386869
174.697969
175.250409
175.756199
174.501116
174.735983
173.823083
179.880008
179.912726
187.426684
182.730175
186.562815
190.650309
191.212228
190.991799
190.833948
189.300825
180.325648
161.160125
155.652659
154.584547
156.393021
154.709205
154.722542
156.549780
167.458488
155.554175
155.421824
157.771954
155.564415
154.979137
152.626919
150.384817
151.001976
148.971084
146.973412
147.579056
148.030305
147.993503
147.872530
145.314377
151.079571
