0.000344
0.000343
0.000343
0.000383
0.000498
0.000499
0.000686
0.000647
0.000344
0.000379
0.000342
0.000343
0.000350
0.000345
0.000350
0.000380
0.000757
0.000841
0.000759
0.000753
0.001234
0.001234
0.001234
0.001350
0.000730
0.000682
0.000682
0.000685
0.000544
0.000543
0.000743
0.000778
0.000513
0.000515
0.000684
0.000720
0.000660
0.000663
0.000697
0.000659
0.000343
0.000381
0.000342
0.000343
0.000679
0.000681
0.000716
0.000679
0.001249
0.001353
0.001243
0.001246
0.000679
0.000725
0.000679
0.000682
0.001542
0.001535
0.001525
0.001601
0.001430
0.001421
0.001438
0.001457
0.000980
0.001076
0.001242
0.001242
0.000687
0.000689
0.000688
0.000733
0.000354
0.000393
0.000355
0.000355
0.001224
0.001305
0.001219
0.001221
0.000683
0.000683
0.000681
0.000728
0.000349
0.000349
0.000388
0.000348
0.000669
0.000667
0.000667
0.000714
0.000686
0.000681
0.000686
0.000730
0.000900
0.000905
0.001003
0.000905
