0.004994
0.005004
0.005149
0.004991
0.005200
0.005197
0.005205
0.005381
0.002538
0.002539
0.002692
0.002550
0.003898
0.003896
0.005134
0.005284
0.011383
0.010938
0.010934
0.010922
0.005154
0.005154
0.005159
0.005329
0.002543
0.002542
0.002545
0.002693
0.002536
0.002534
0.002535
0.002687
0.005074
0.005081
0.005074
0.005258
0.005540
0.005360
0.005375
0.005376
0.006092
0.006091
0.006264
0.006110
0.003854
0.003854
0.005034
0.005184
0.005003
0.005000
0.005007
0.005183
0.002530
0.002528
0.002731
0.002533
0.003861
0.003861
0.005414
0.005262
0.002528
0.002526
0.002531
0.002681
0.003398
0.003559
0.004245
0.004242
0.005005
0.005006
0.005191
0.005014
0.004988
0.004999
0.005008
0.005191
0.005290
0.005291
0.005298
0.005476
0.002545
0.002551
0.002560
0.002721
0.004019
0.003846
0.005018
0.005017
0.007509
0.007492
0.009173
0.009590
0.002525
0.002521
0.002672
0.002526
0.005150
0.005154
0.005303
0.005148
