0.041067
0.040393
0.040390
0.040388
0.041192
0.040514
0.040557
0.040567
0.029930
0.029934
0.041151
0.040573
0.029585
0.028912
0.039412
0.039414
0.040799
0.040799
0.041503
0.040819
0.040365
0.040365
0.040381
0.040958
0.030260
0.030945
0.039653
0.039652
0.027234
0.026348
0.026396
0.026388
0.030718
0.030040
0.039204
0.039202
0.041038
0.041041
0.041037
0.041722
0.028949
0.029622
0.039342
0.039343
0.033066
0.031766
0.043117
0.043117
0.019493
0.019494
0.020109
0.019522
0.028897
0.029559
0.039551
0.039551
0.029216
0.029902
0.035533
0.035534
0.019589
0.020175
0.019603
0.019602
0.030808
0.030136
0.040246
0.040247
0.037060
0.037058
0.037140
0.037717
0.039528
0.039528
0.040113
0.039538
0.040079
0.040081
0.040667
0.040019
0.031065
0.031067
0.032019
0.031337
0.040258
0.040261
0.040266
0.040852
0.030795
0.030796
0.042702
0.042120
0.040996
0.042146
0.040989
0.040997
0.019710
0.019711
0.020454
0.019736
