13056.000000
13180.000000
13024.000000
13056.000000
13072.000000
13088.000000
13092.000000
13152.000000
12960.000000
13152.000000
13124.000000
13040.000000
12984.000000
13068.000000
13048.000000
13196.000000
13128.000000
12860.000000
13156.000000
13044.000000
13128.000000
13164.000000
13028.000000
13184.000000
13120.000000
13136.000000
13152.000000
13056.000000
13060.000000
13064.000000
13132.000000
13104.000000
12900.000000
12812.000000
13064.000000
13012.000000
13180.000000
12860.000000
13084.000000
13156.000000
13048.000000
13040.000000
13164.000000
13056.000000
13060.000000
13148.000000
12840.000000
13204.000000
13160.000000
13116.000000
13084.000000
13172.000000
13080.000000
13096.000000
13156.000000
13156.000000
13072.000000
12848.000000
12920.000000
13120.000000
13116.000000
13112.000000
13112.000000
13204.000000
13184.000000
13072.000000
13168.000000
13056.000000
12956.000000
13052.000000
13112.000000
13052.000000
13188.000000
13040.000000
13144.000000
13224.000000
13048.000000
12848.000000
13064.000000
13196.000000
13144.000000
13000.000000
13048.000000
13168.000000
13016.000000
13076.000000
13064.000000
13044.000000
13072.000000
13140.000000
13136.000000
13060.000000
13088.000000
13120.000000
13056.000000
13004.000000
13056.000000
13144.000000
13112.000000
13064.000000
