12828.000000
12916.000000
12760.000000
12828.000000
12744.000000
12856.000000
12756.000000
12820.000000
12736.000000
12796.000000
12928.000000
12868.000000
12900.000000
12808.000000
12840.000000
12848.000000
12772.000000
12872.000000
12696.000000
12784.000000
12960.000000
12800.000000
12936.000000
12704.000000
12816.000000
12628.000000
12872.000000
12860.000000
12864.000000
12900.000000
12724.000000
12728.000000
12892.000000
12876.000000
12644.000000
12892.000000
12848.000000
12936.000000
12804.000000
12864.000000
12872.000000
12824.000000
12668.000000
12820.000000
12724.000000
12856.000000
12868.000000
12884.000000
12808.000000
12892.000000
12696.000000
12892.000000
12860.000000
12780.000000
12836.000000
12776.000000
12900.000000
12900.000000
12804.000000
12696.000000
12700.000000
12924.000000
12884.000000
12916.000000
12832.000000
12924.000000
12752.000000
12876.000000
12812.000000
12852.000000
12848.000000
12712.000000
12820.000000
12868.000000
12868.000000
12808.000000
12712.000000
12884.000000
12860.000000
12928.000000
12852.000000
12812.000000
12664.000000
12864.000000
12876.000000
12748.000000
12852.000000
12824.000000
12976.000000
12740.000000
12848.000000
12828.000000
12832.000000
12812.000000
12832.000000
12872.000000
12872.000000
12820.000000
12932.000000
12816.000000
