12112.000000
11968.000000
12052.000000
12220.000000
12144.000000
12164.000000
12092.000000
12156.000000
12084.000000
11860.000000
12256.000000
12040.000000
12084.000000
12248.000000
12184.000000
12096.000000
12256.000000
12208.000000
12024.000000
12160.000000
12208.000000
12088.000000
12108.000000
12132.000000
12096.000000
12244.000000
12172.000000
12232.000000
12004.000000
12080.000000
12140.000000
12064.000000
12268.000000
12104.000000
12168.000000
12192.000000
12184.000000
12192.000000
12196.000000
12180.000000
12208.000000
12276.000000
12132.000000
12024.000000
12228.000000
12204.000000
12136.000000
12164.000000
12112.000000
12120.000000
12184.000000
12116.000000
12252.000000
12160.000000
12120.000000
12272.000000
12040.000000
12024.000000
12272.000000
12140.000000
12048.000000
12160.000000
12184.000000
12092.000000
12024.000000
12256.000000
12024.000000
12148.000000
12172.000000
12224.000000
12012.000000
12104.000000
12092.000000
12168.000000
11972.000000
12120.000000
12188.000000
12104.000000
12120.000000
12056.000000
12080.000000
12084.000000
12172.000000
12152.000000
12088.000000
12124.000000
12144.000000
12128.000000
12136.000000
12236.000000
12280.000000
12068.000000
12160.000000
12180.000000
12180.000000
12188.000000
12120.000000
12192.000000
12204.000000
12160.000000
