77410.475226
77148.968754
77407.149459
77222.995721
77366.711305
77338.330941
77464.264732
77235.138948
77150.464567
77130.397929
77440.058024
77394.167478
77138.409837
77128.760827
77378.632655
77282.128151
77242.942476
77332.751599
77313.073238
77411.147065
77479.470186
77142.622076
77380.959975
77304.384317
77145.747489
77448.883516
77143.598799
77122.49208
77382.405998
77126.267431
77127.451718
77247.409996
77342.574151
77220.342242
77150.898014
77366.286576
77277.261024
77234.125331
77243.755524
77480.885835
77142.583896
77384.584384
77472.582258
77346.267244
77470.355916
77178.691015
77481.643436
77238.589833
77202.48553
77191.901482
77484.243144
77210.188081
77374.29404
77159.554624
77211.318718
77263.798356
77446.286591
77322.346239
77293.238406
77258.619057
77267.031212
77348.854875
77128.407308
77349.653196
77187.699956
77130.278165
77373.935151
77248.846159
77280.602902
77232.759577
77474.660801
77220.008351
77131.770709
77121.215847
77427.385314
77482.23293
77352.790474
77294.447404
77343.329166
77345.036146
77486.436381
77154.666098
77187.352231
77410.47238
77159.18658
77279.372652
77287.436678
77390.101815
77265.497375
77338.933001
77264.285773
77372.339938
77300.10023
77393.899693
77372.555827
77459.333199
77327.219532
77322.231989
77368.877993
77474.834644
