12064.000000
12068.000000
12016.000000
12056.000000
12028.000000
12092.000000
12036.000000
12040.000000
12052.000000
12084.000000
12040.000000
12068.000000
12020.000000
12068.000000
12016.000000
11996.000000
12028.000000
12080.000000
12140.000000
12068.000000
12076.000000
11980.000000
12028.000000
11984.000000
11972.000000
12016.000000
11856.000000
12056.000000
12056.000000
12044.000000
12012.000000
12100.000000
12008.000000
11948.000000
12104.000000
11932.000000
11956.000000
12000.000000
12104.000000
12008.000000
11928.000000
11936.000000
12056.000000
12036.000000
12040.000000
12096.000000
12132.000000
12080.000000
11988.000000
12000.000000
11908.000000
12008.000000
11844.000000
12124.000000
12120.000000
12044.000000
11972.000000
12056.000000
12004.000000
12072.000000
12060.000000
12112.000000
12096.000000
11916.000000
12056.000000
12036.000000
12132.000000
12052.000000
12008.000000
11976.000000
12072.000000
12132.000000
11936.000000
12084.000000
12064.000000
11880.000000
12028.000000
11924.000000
11908.000000
11976.000000
11932.000000
12012.000000
12064.000000
11996.000000
12056.000000
11992.000000
12032.000000
12108.000000
12016.000000
11916.000000
11880.000000
11888.000000
12128.000000
12104.000000
11916.000000
12048.000000
12052.000000
12040.000000
12044.000000
12104.000000
