12220.000000
12324.000000
12312.000000
12068.000000
12320.000000
12120.000000
12248.000000
12360.000000
12248.000000
12416.000000
12252.000000
12208.000000
12288.000000
12364.000000
12248.000000
12236.000000
12368.000000
12300.000000
12232.000000
12272.000000
12364.000000
11964.000000
12384.000000
12404.000000
12304.000000
12056.000000
12348.000000
12244.000000
12288.000000
12308.000000
12284.000000
12316.000000
12328.000000
12244.000000
12220.000000
12284.000000
12260.000000
12364.000000
12304.000000
12216.000000
12036.000000
12052.000000
12304.000000
12316.000000
12324.000000
12364.000000
12368.000000
12248.000000
12292.000000
12276.000000
12324.000000
12252.000000
12348.000000
12328.000000
12260.000000
12240.000000
12260.000000
12328.000000
12236.000000
12320.000000
12272.000000
12360.000000
12404.000000
12068.000000
12320.000000
12056.000000
12380.000000
12068.000000
12052.000000
12292.000000
12276.000000
12228.000000
12400.000000
12284.000000
12304.000000
12232.000000
12316.000000
12360.000000
12280.000000
12284.000000
12412.000000
12280.000000
12264.000000
12284.000000
12388.000000
12332.000000
12268.000000
12300.000000
12356.000000
12408.000000
12400.000000
12224.000000
12300.000000
12352.000000
12256.000000
12336.000000
12380.000000
12248.000000
12220.000000
12344.000000
