77282.145279
77248.863692
77494.96526
77441.233285
77538.915344
77324.28283
77141.997653
77578.119662
77523.468438
77371.677974
77532.896237
77323.637764
77230.250157
77140.484939
77210.36645
77436.441667
77355.257662
77289.007
77286.582994
77532.435619
77532.836551
77272.62382
77207.15183
77128.807213
77226.045163
77290.818609
77544.441184
77183.9658
77232.245175
77150.20178
77547.524129
77260.363443
77410.12934
77184.145724
77131.936374
77412.936778
77564.86396
77276.553099
77158.302072
77373.750553
77314.306505
77249.829498
77400.344404
77581.800546
77470.656176
77533.62281
77169.182705
77554.885919
77286.171428
77435.735079
77459.06877
77411.807997
77235.419538
77400.642482
77123.840324
77550.616806
77330.258196
77211.147325
77317.636938
77279.128524
77546.582582
77124.79741
77138.439197
77214.086598
77448.705716
77251.720119
77361.901487
77409.382273
77462.422392
77426.507649
77379.815913
77238.805015
77378.131054
77565.0397
77350.143437
77357.072067
77378.507652
77419.857593
77421.508047
77331.563499
77320.033121
77173.810978
77577.545706
77547.123836
77253.86021
77487.835617
77518.586048
77217.283414
77530.10286
77158.768823
77455.858607
77538.357996
77295.272013
77389.968483
77373.135181
77321.310626
77266.531593
77261.395017
77446.928884
77173.045615
