16076.000000
16024.000000
15856.000000
15944.000000
16056.000000
16036.000000
15976.000000
15948.000000
16060.000000
16064.000000
15972.000000
15912.000000
16044.000000
15948.000000
15916.000000
15860.000000
16032.000000
15968.000000
15952.000000
16060.000000
16024.000000
16056.000000
15988.000000
15668.000000
15932.000000
15960.000000
16056.000000
16076.000000
16072.000000
15916.000000
15748.000000
16032.000000
16048.000000
15988.000000
16000.000000
15992.000000
15908.000000
15936.000000
15932.000000
15960.000000
16024.000000
15932.000000
16052.000000
15920.000000
16048.000000
15980.000000
15980.000000
16052.000000
15984.000000
16020.000000
15916.000000
15904.000000
16020.000000
15928.000000
15936.000000
15964.000000
16064.000000
15924.000000
15980.000000
15952.000000
16000.000000
16080.000000
16108.000000
15948.000000
16080.000000
15920.000000
15748.000000
16048.000000
15968.000000
15968.000000
15916.000000
16056.000000
16044.000000
16008.000000
16076.000000
16032.000000
16048.000000
16000.000000
15756.000000
15980.000000
15944.000000
15928.000000
16044.000000
15984.000000
15984.000000
15708.000000
16032.000000
15656.000000
16028.000000
16016.000000
16016.000000
15752.000000
15960.000000
16052.000000
15928.000000
15952.000000
15948.000000
16012.000000
15956.000000
15944.000000
