11708.000000
11696.000000
11808.000000
11756.000000
11816.000000
11744.000000
11620.000000
11660.000000
11604.000000
11684.000000
11616.000000
11628.000000
11640.000000
11724.000000
11644.000000
11620.000000
11704.000000
11664.000000
11652.000000
11624.000000
11780.000000
11660.000000
11740.000000
11692.000000
11792.000000
11644.000000
11780.000000
11780.000000
11720.000000
11780.000000
11608.000000
11772.000000
11608.000000
11484.000000
11748.000000
11552.000000
11612.000000
11608.000000
11616.000000
11660.000000
11804.000000
11744.000000
11628.000000
11780.000000
11644.000000
11776.000000
11812.000000
11832.000000
11588.000000
11628.000000
11776.000000
11744.000000
11604.000000
11636.000000
11736.000000
11632.000000
11776.000000
11480.000000
11772.000000
11480.000000
11764.000000
11788.000000
11492.000000
11772.000000
11752.000000
11832.000000
11496.000000
11796.000000
11772.000000
11748.000000
11688.000000
11700.000000
11656.000000
11524.000000
11476.000000
11732.000000
11796.000000
11720.000000
11684.000000
11484.000000
11644.000000
11788.000000
11724.000000
11776.000000
11564.000000
11776.000000
11600.000000
11728.000000
11488.000000
11788.000000
11660.000000
11716.000000
11880.000000
11636.000000
11644.000000
11820.000000
11776.000000
11656.000000
11472.000000
11800.000000
