11424.000000
11408.000000
11584.000000
11368.000000
11388.000000
11404.000000
11484.000000
11480.000000
11436.000000
11404.000000
11428.000000
11288.000000
11512.000000
11428.000000
11400.000000
11356.000000
11460.000000
11456.000000
11384.000000
11396.000000
11388.000000
11428.000000
11312.000000
11348.000000
11396.000000
11376.000000
11384.000000
11388.000000
11544.000000
11560.000000
11508.000000
11484.000000
11572.000000
11376.000000
11512.000000
11472.000000
11388.000000
11324.000000
11368.000000
11560.000000
11440.000000
11564.000000
11396.000000
11536.000000
11344.000000
11428.000000
11456.000000
11332.000000
11376.000000
11404.000000
11420.000000
11452.000000
11300.000000
11400.000000
11540.000000
11512.000000
11256.000000
11552.000000
11488.000000
11400.000000
11508.000000
11452.000000
11328.000000
11320.000000
11392.000000
11360.000000
11380.000000
11512.000000
11408.000000
11436.000000
11448.000000
11568.000000
11436.000000
11412.000000
11464.000000
11580.000000
11548.000000
11492.000000
11496.000000
11272.000000
11312.000000
11412.000000
11528.000000
11376.000000
11368.000000
11468.000000
11352.000000
11508.000000
11456.000000
11368.000000
11560.000000
11472.000000
11244.000000
11412.000000
11496.000000
11496.000000
11444.000000
11404.000000
11520.000000
11344.000000
