28172.000000
28040.000000
28132.000000
28184.000000
28028.000000
28200.000000
28148.000000
28028.000000
28272.000000
28148.000000
28128.000000
28044.000000
28124.000000
28096.000000
28128.000000
28224.000000
28136.000000
28024.000000
28148.000000
28136.000000
28208.000000
28080.000000
28172.000000
28092.000000
28144.000000
28080.000000
28180.000000
28080.000000
28144.000000
27988.000000
28136.000000
28200.000000
28032.000000
28100.000000
28132.000000
28124.000000
28036.000000
28192.000000
28080.000000
28048.000000
28160.000000
28184.000000
28156.000000
28136.000000
27996.000000
28164.000000
28020.000000
28040.000000
27956.000000
28092.000000
28164.000000
28140.000000
28180.000000
28232.000000
28096.000000
28184.000000
28048.000000
27988.000000
28100.000000
28064.000000
28260.000000
28192.000000
28204.000000
28248.000000
28136.000000
28044.000000
28228.000000
28092.000000
28176.000000
28116.000000
28132.000000
28148.000000
28200.000000
28092.000000
28244.000000
28064.000000
28252.000000
28224.000000
28136.000000
28196.000000
28044.000000
28224.000000
28124.000000
28228.000000
28036.000000
28124.000000
28248.000000
28176.000000
28116.000000
28008.000000
28172.000000
28028.000000
28112.000000
28116.000000
28152.000000
28116.000000
28140.000000
28104.000000
28168.000000
28208.000000
