15772.000000
15776.000000
15704.000000
15712.000000
15708.000000
15708.000000
15776.000000
15512.000000
15740.000000
15796.000000
15624.000000
15640.000000
15848.000000
15732.000000
15644.000000
15828.000000
15688.000000
15732.000000
15624.000000
15688.000000
15616.000000
15512.000000
15632.000000
15712.000000
15676.000000
15708.000000
15732.000000
15780.000000
15772.000000
15736.000000
15724.000000
15720.000000
15652.000000
15816.000000
15536.000000
15764.000000
15832.000000
15724.000000
15708.000000
15660.000000
15720.000000
15680.000000
15872.000000
15772.000000
15784.000000
15552.000000
15756.000000
15764.000000
15808.000000
15828.000000
15568.000000
15712.000000
15600.000000
15844.000000
15724.000000
15816.000000
15576.000000
15720.000000
15828.000000
15836.000000
15720.000000
15692.000000
15772.000000
15836.000000
15640.000000
15796.000000
15724.000000
15620.000000
15816.000000
15652.000000
15672.000000
15724.000000
15708.000000
15756.000000
15700.000000
15664.000000
15804.000000
15812.000000
15784.000000
15684.000000
15764.000000
15608.000000
15628.000000
15780.000000
15732.000000
15760.000000
15796.000000
15624.000000
15664.000000
15584.000000
15704.000000
15720.000000
15704.000000
15712.000000
15744.000000
15848.000000
15632.000000
15632.000000
15732.000000
15644.000000
