12644.000000
12696.000000
12984.000000
12792.000000
12620.000000
12632.000000
12700.000000
12700.000000
12740.000000
12764.000000
12668.000000
12752.000000
12804.000000
12788.000000
12864.000000
12724.000000
12812.000000
12632.000000
12624.000000
12856.000000
12664.000000
12612.000000
12784.000000
12604.000000
12804.000000
12612.000000
12728.000000
12672.000000
12804.000000
12604.000000
12572.000000
12648.000000
12728.000000
12632.000000
12792.000000
12656.000000
12620.000000
12688.000000
12684.000000
12800.000000
12660.000000
12620.000000
12576.000000
12512.000000
12648.000000
12712.000000
12724.000000
12764.000000
12724.000000
12740.000000
12668.000000
12704.000000
12704.000000
12776.000000
12704.000000
12736.000000
12780.000000
12692.000000
12736.000000
12612.000000
12756.000000
12648.000000
12644.000000
12668.000000
12652.000000
12692.000000
12756.000000
12696.000000
12708.000000
12592.000000
12540.000000
12704.000000
12680.000000
12688.000000
12632.000000
12680.000000
12688.000000
12588.000000
12740.000000
12756.000000
12688.000000
12636.000000
12780.000000
12668.000000
12792.000000
12712.000000
12708.000000
12668.000000
12628.000000
12736.000000
12632.000000
12800.000000
12792.000000
12624.000000
12780.000000
12600.000000
12624.000000
12660.000000
12808.000000
12772.000000
