24244.000000
24340.000000
24316.000000
24368.000000
24284.000000
24348.000000
24340.000000
24216.000000
24240.000000
24272.000000
24376.000000
24372.000000
24308.000000
24256.000000
24380.000000
24324.000000
24336.000000
24332.000000
24216.000000
24344.000000
24280.000000
24364.000000
24336.000000
24340.000000
24324.000000
24172.000000
24360.000000
24308.000000
24356.000000
24248.000000
24264.000000
24236.000000
24272.000000
24340.000000
24220.000000
24324.000000
24360.000000
24356.000000
24252.000000
24244.000000
24256.000000
24304.000000
24196.000000
24332.000000
24340.000000
24340.000000
24300.000000
24340.000000
24368.000000
24236.000000
24288.000000
24156.000000
24400.000000
24340.000000
24392.000000
24264.000000
24320.000000
24324.000000
24256.000000
24388.000000
24248.000000
24236.000000
24344.000000
24288.000000
24292.000000
24416.000000
24336.000000
24392.000000
24292.000000
24260.000000
24340.000000
24320.000000
24400.000000
24396.000000
24168.000000
24320.000000
24312.000000
24432.000000
24464.000000
24440.000000
24228.000000
24300.000000
24348.000000
24292.000000
24376.000000
24272.000000
24336.000000
24348.000000
24268.000000
24352.000000
24396.000000
24228.000000
24432.000000
24332.000000
24324.000000
24388.000000
24300.000000
24212.000000
24264.000000
24336.000000
