0.000750
0.000856
0.001082
0.000844
0.001396
0.000848
0.000818
0.000952
0.001162
0.000940
0.000958
0.001039
0.000958
0.001034
0.000838
0.000953
0.000997
0.001079
0.000860
0.000745
0.000745
0.000927
0.000967
0.000799
0.000855
0.000761
0.000951
0.000998
0.001476
0.000839
0.001300
0.000931
0.000749
0.001018
0.001047
0.000838
0.000777
0.001457
0.000937
0.000839
0.001146
0.000823
0.000991
0.001240
0.000901
0.000959
0.001290
0.000843
0.000882
0.000746
0.000751
0.001090
0.000837
0.001081
0.001043
0.000852
0.000957
0.000979
0.000899
0.000778
0.000760
0.000746
0.000762
0.001277
0.001233
0.000838
0.001133
0.000827
0.001064
0.001081
0.000816
0.001075
0.000760
0.000745
0.000756
0.001404
0.000932
0.000877
0.001156
0.000839
0.000750
0.000750
0.000745
0.000760
0.000752
0.001111
0.000871
0.000745
0.001186
0.000860
0.000986
0.000819
0.000854
0.000783
0.001081
0.000838
0.001207
0.000847
0.001013
0.000814
