0.002046
0.001825
0.001827
0.001624
0.001827
0.001826
0.001847
0.002196
0.001584
0.001568
0.001568
0.000977
0.000978
0.000983
0.001053
0.001835
0.001577
0.001829
0.001831
0.001840
0.002099
0.002089
0.001571
0.001567
0.001567
0.001140
0.001587
0.001589
0.001754
0.001753
0.001755
0.001765
0.001825
0.001828
0.001226
0.001585
0.000977
0.000976
0.000991
0.001125
0.001133
0.002204
0.002192
0.001571
0.000984
0.000977
0.000993
0.001219
0.001220
0.001229
0.001764
0.001765
0.001568
0.000975
0.000982
0.001131
0.001332
0.001467
0.001840
0.001587
0.001588
0.001575
0.001330
0.001841
0.001828
0.001827
0.001828
0.001142
0.001221
0.001227
0.001575
0.001590
0.001828
0.000978
0.001338
0.001477
0.001473
0.001462
0.002212
0.001048
0.001047
0.001060
0.001839
0.001575
0.001826
0.001826
0.001830
0.000979
0.000994
0.000975
0.000980
0.000980
0.000976
0.000983
0.001578
0.001568
0.001047
0.001768
0.001580
0.001567
