0.077410
0.074104
0.068581
0.082158
0.068553
0.070515
0.075009
0.068800
0.083411
0.075068
0.068779
0.068717
0.068882
0.073200
0.069883
0.071817
0.070039
0.068720
0.078108
0.071166
0.068866
0.068688
0.068732
0.068783
0.068817
0.071781
0.075020
0.070105
0.069966
0.070111
0.082734
0.069749
0.076338
0.070068
0.068755
0.068770
0.068759
0.068582
0.068702
0.069646
0.068734
0.071407
0.076274
0.068742
0.080528
0.080344
0.068825
0.070049
0.070449
0.068717
0.068813
0.069522
0.068727
0.068734
0.068769
0.071369
0.084602
0.073507
0.068586
0.071341
0.078367
0.080037
0.068780
0.068748
0.071149
0.068609
0.078607
0.068719
0.070076
0.075030
0.068770
0.068701
0.068750
0.075734
0.071511
0.068755
0.079910
0.069818
0.068774
0.071377
0.073838
0.069788
0.069897
0.075745
0.073071
0.073415
0.068767
0.068789
0.070013
0.070047
0.069928
0.071556
0.068789
0.068785
0.068718
0.068544
0.068585
0.068733
0.068805
0.070186
