0.073999
0.075633
0.067928
0.068401
0.069929
0.082849
0.068966
0.067656
0.074364
0.071270
0.068461
0.068264
0.072602
0.074260
0.075737
0.068958
0.076738
0.070744
0.073496
0.077369
0.066797
0.068902
0.074842
0.068847
0.065890
0.073048
0.071791
0.068408
0.072562
0.070130
0.076361
0.069919
0.071020
0.071114
0.074886
0.071781
0.067455
0.071889
0.067572
0.069319
0.069935
0.066577
0.066037
0.067148
0.069061
0.066014
0.074244
0.068470
0.067520
0.070901
0.068027
0.066428
0.077559
0.068569
0.065964
0.076076
0.076410
0.069871
0.071747
0.067741
0.069895
0.073638
0.066908
0.067435
0.067992
0.068240
0.067404
0.071613
0.072335
0.067655
0.067712
0.072346
0.068920
0.080996
0.066677
0.067148
0.068126
0.070262
0.074463
0.074280
0.070571
0.071789
0.068571
0.065967
0.066926
0.073377
0.066619
0.068216
0.072353
0.074724
0.076502
0.066917
0.067323
0.072488
0.069018
0.072193
0.069986
0.072158
0.071090
0.075430
