0.008393
0.008381
0.008369
0.008379
0.019976
0.017489
0.013458
0.013121
0.008988
0.017528
0.014427
0.012439
0.014413
0.015515
0.016529
0.008384
0.008386
0.013492
0.008383
0.008376
0.008380
0.019011
0.008375
0.008388
0.017011
0.017974
0.012577
0.013483
0.013469
0.013478
0.011721
0.015728
0.010492
0.015412
0.010475
0.010481
0.018818
0.013459
0.013270
0.008569
0.008391
0.008389
0.019356
0.012302
0.009924
0.008971
0.008966
0.008981
0.018027
0.008394
0.008385
0.018546
0.016907
0.010470
0.010342
0.018960
0.019250
0.011095
0.009919
0.017984
0.015622
0.012577
0.008372
0.010471
0.017542
0.013474
0.013478
0.008386
0.017500
0.011095
0.013483
0.014919
0.008382
0.008379
0.018595
0.016876
0.015836
0.008385
0.008394
0.017962
0.017339
0.017210
0.013475
0.013980
0.011779
0.008393
0.018822
0.010482
0.010484
0.012549
0.011083
0.015582
0.015063
0.011431
0.011303
0.009182
0.008387
0.008379
0.008395
0.011425
