0.013361
0.011678
0.010405
0.010387
0.008306
0.008323
0.008312
0.008313
0.008310
0.008317
0.020043
0.019865
0.019678
0.017299
0.012859
0.015548
0.013363
0.008310
0.018022
0.017666
0.011502
0.018033
0.008304
0.008323
0.018764
0.016933
0.012635
0.018119
0.013367
0.010388
0.010396
0.010391
0.017925
0.009148
0.008308
0.010399
0.014960
0.012717
0.014985
0.013346
0.008313
0.018021
0.017623
0.011681
0.019326
0.014954
0.013357
0.010387
0.010394
0.010399
0.015598
0.013359
0.013360
0.013148
0.010394
0.010387
0.018889
0.013862
0.013867
0.008315
0.020858
0.018429
0.015917
0.009593
0.015378
0.011686
0.017506
0.014381
0.010385
0.015582
0.013357
0.013348
0.013354
0.019744
0.017924
0.008317
0.008305
0.008303
0.008319
0.008324
0.008304
0.008307
0.008324
0.010404
0.017516
0.008307
0.016977
0.013351
0.011688
0.010395
0.015591
0.013357
0.008317
0.008305
0.008314
0.019362
0.015611
0.008306
0.011336
0.014975
