229.184939
236.521484
223.329521
219.037306
206.636196
214.116413
238.558123
228.039911
218.006188
222.998543
214.916682
192.155037
196.633415
238.145738
220.566992
228.451094
239.399993
195.354875
212.181186
222.927947
215.38781
202.942948
196.506498
201.475544
197.6834
221.412491
210.222534
232.199145
208.372744
193.224936
205.02601
221.814592
203.883193
202.602477
239.140483
192.307407
228.527191
235.212915
207.241265
223.407867
192.303373
210.108949
232.409955
209.46986
205.339187
212.139442
230.5968
197.953332
213.631378
201.563361
209.856329
194.868744
239.334654
212.935133
202.528237
226.776879
207.031857
202.129986
206.314463
208.921613
227.587002
219.284345
207.100651
197.654318
220.461333
200.984264
223.856718
222.923817
205.294885
192.879694
197.21549
226.437709
195.914478
200.299497
215.845762
208.311485
197.795242
234.834423
234.85223
216.110472
193.194707
200.665625
205.892059
206.87872
219.187192
226.52275
221.251982
209.937261
213.431838
214.762154
227.388136
218.195575
197.021576
232.279475
192.995895
225.852538
231.175173
238.969347
225.651493
201.851644
