0.001919
0.001632
0.001631
0.002863
0.001651
0.001901
0.001900
0.001902
0.001019
0.001267
0.001638
0.001631
0.002279
0.001918
0.001022
0.003058
0.001017
0.001174
0.001689
0.001920
0.002281
0.001913
0.001913
0.001090
0.001090
0.001089
0.001089
0.001091
0.001091
0.001102
0.002412
0.001017
0.001907
0.001902
0.001905
0.001916
0.001901
0.001900
0.001382
0.001523
0.001916
0.001899
0.001929
0.001640
0.001036
0.002415
0.002403
0.001679
0.001690
0.001920
0.001634
0.001016
0.001023
0.002398
0.002412
0.002000
0.001269
0.001838
0.001911
0.001031
0.001840
0.001814
0.001834
0.001633
0.001915
0.001096
0.001842
0.001632
0.001848
0.001829
0.004577
0.001268
0.001031
0.001016
0.001023
0.001018
0.001018
0.002552
0.001692
0.001902
0.002170
0.002856
0.002852
0.001912
0.001024
0.002870
0.002281
0.002286
0.001912
0.001018
0.001032
0.001015
0.001024
0.003049
0.001915
0.001018
0.001019
0.001018
0.001018
0.001017
