0.835846
0.852533
0.837203
0.852079
0.852708
0.848856
0.858653
0.829182
0.848810
0.843841
0.829230
0.831456
0.829719
0.855484
0.858839
0.829893
0.845261
0.830195
0.834730
0.861668
0.833147
0.856552
0.854085
0.842505
0.859007
0.841608
0.831673
0.831758
0.835787
0.841210
0.833916
0.851796
0.835218
0.859545
0.834897
0.857278
0.836207
0.854130
0.829954
0.833710
0.847530
0.850153
0.829083
0.840432
0.845391
0.838146
0.832732
0.847268
0.829853
0.835888
0.849760
0.828753
0.834007
0.829467
0.845790
0.850430
0.835890
0.842600
0.831949
0.829903
0.829954
0.835745
0.836226
0.830633
0.829828
0.851100
0.850458
0.834920
0.830516
0.836099
0.854901
0.860763
0.834793
0.858605
0.846028
0.829905
0.840859
0.829924
0.853314
0.860863
0.852035
0.828838
0.861081
0.837543
0.860111
0.834592
0.829560
0.832989
0.846726
0.851705
0.831933
0.829795
0.838033
0.829696
0.863324
0.835990
0.842221
0.861228
0.831753
0.829436
