202.02656
199.628766
210.518681
228.27466
193.612985
229.97141
219.209016
221.158195
208.331046
194.350727
233.790694
193.369352
206.639909
222.611591
216.815904
215.203382
198.140171
229.071418
211.926314
207.379409
211.396289
222.227478
219.752082
209.051325
235.660482
217.3177
229.301165
198.138168
214.984257
229.075043
201.973434
202.561869
218.749334
208.041276
218.032712
233.318165
233.784357
203.98002
237.386488
237.629574
234.707978
209.308724
222.013052
232.332182
199.007112
203.347966
227.983095
200.941467
192.921921
206.913194
204.284843
236.713839
195.28828
196.708764
230.538476
193.235217
235.580613
216.299764
230.626675
225.620913
222.583132
230.222665
199.16524
197.523494
202.56205
235.039896
201.354157
194.534648
210.771502
196.722505
226.17863
223.656368
195.347013
228.80039
230.984035
217.44637
211.906548
193.214236
197.476899
193.605424
234.200304
233.228086
196.800126
210.464279
192.97251
197.739068
204.664975
237.409114
229.655217
235.735023
233.667439
236.605727
198.878795
229.950238
232.024871
228.703024
215.128289
230.840611
232.155942
222.672716
