7.200884
7.119047
7.208903
7.204768
7.215078
7.192672
7.099443
7.096500
7.096144
7.097494
7.098458
7.243546
7.093310
7.088486
7.092122
7.157586
7.147218
7.098408
7.246826
7.287903
7.092451
7.092655
7.091872
7.089602
7.307972
7.291723
7.333576
7.095463
7.088954
7.253276
7.276306
7.088860
7.091080
7.096208
7.223829
7.095574
7.220383
7.097955
7.223066
7.286166
7.241501
7.289957
7.257617
7.247466
7.095971
7.095156
7.096641
7.099579
7.229088
7.090108
7.234430
7.218224
7.140379
7.278606
7.091285
7.159836
7.286417
7.095719
7.092683
7.278677
7.092711
7.256534
7.279600
7.274761
7.090730
7.092259
7.195411
7.288436
7.094613
7.207509
7.093569
7.091965
7.148776
7.090528
7.212334
7.090253
7.089709
7.238906
7.089973
7.246326
7.253860
7.126266
7.086666
7.224244
7.239145
7.236804
7.090650
7.268594
7.095141
7.168208
7.095138
7.093579
7.211382
7.185513
7.181649
7.095105
7.117949
7.198970
7.095210
7.188922
