0.085308
0.092221
0.079857
0.081071
0.076818
0.091598
0.069632
0.092473
0.083205
0.085954
0.078776
0.090760
0.078074
0.080528
0.076738
0.078146
0.087921
0.081653
0.073856
0.072210
0.079773
0.079683
0.091268
0.074638
0.080976
0.082232
0.086561
0.075162
0.069482
0.070868
0.079700
0.070912
0.070806
0.069599
0.089755
0.090558
0.079946
0.089278
0.086311
0.090193
0.086451
0.092292
0.084816
0.079436
0.091022
0.083432
0.085407
0.069684
0.090980
0.085784
0.081991
0.074109
0.073843
0.081075
0.069549
0.070763
0.071485
0.082760
0.087315
0.075508
0.082519
0.086758
0.091813
0.078277
0.082337
0.096213
0.088044
0.080872
0.080950
0.078983
0.080893
0.081993
0.080802
0.091190
0.096410
0.089136
0.080935
0.069504
0.088162
0.081006
0.080892
0.089315
0.083862
0.094230
0.069547
0.092046
0.078092
0.070837
0.089961
0.081047
0.090953
0.092211
0.091354
0.082551
0.071081
0.081932
0.098373
0.087454
0.069509
0.072344
