7.213276
7.210340
7.365645
7.209696
7.389343
7.213604
7.216820
7.212624
7.219820
7.414739
7.377787
7.392230
7.219837
7.217725
7.209468
7.404900
7.425121
7.313526
7.214084
7.482676
7.209157
7.205386
7.335658
7.210154
7.213496
7.375422
7.265822
7.211734
7.336168
7.395345
7.209711
7.399581
7.207002
7.299619
7.380645
7.402349
7.388677
7.329635
7.406023
7.335643
7.209106
7.212765
7.225755
7.317717
7.331564
7.354408
7.350028
7.317520
7.212616
7.211307
7.359577
7.408319
9.104608
9.055436
12.764427
14.487387
11.054239
12.511257
11.505505
10.232900
9.307234
8.845682
9.066603
9.426586
8.892365
9.276372
9.261528
8.914517
9.424632
9.608995
9.140488
9.160636
9.595786
9.585535
9.106271
8.810105
11.420443
11.282393
10.604028
11.000007
9.751992
10.464704
9.442159
9.698262
9.526455
9.503218
9.845022
9.144846
9.437840
9.146206
9.727305
9.511637
10.048117
9.197912
8.874138
11.533511
12.438601
10.119975
10.446176
9.464661
