7.167393
7.050850
7.019112
7.173518
7.019897
7.109614
7.070086
7.150878
7.018380
7.055211
7.080107
7.079712
7.079498
7.144832
7.056244
7.251139
7.183136
7.124551
7.034623
7.040463
7.057447
7.085826
7.013758
7.030479
7.032969
7.097309
7.163764
7.072105
7.057216
7.227231
7.197621
7.256667
7.224257
7.080744
7.025204
7.026990
7.059567
7.033980
7.013849
7.057257
7.058493
7.028859
7.071419
7.209665
6.988934
7.159603
7.063580
7.288637
7.177892
7.113937
7.109496
7.081287
7.059761
7.159115
7.100527
7.154369
7.059230
7.054798
7.128397
7.049870
7.053585
7.021986
7.213991
7.022219
7.042655
7.050879
7.163083
7.129679
7.142072
7.048047
7.171458
7.194294
7.069263
7.247474
7.062858
7.058335
7.066338
7.066708
7.001665
7.079306
7.117180
7.086263
7.054267
7.197066
7.104403
7.069391
7.185887
7.023051
7.076247
7.137599
7.070754
7.140136
9.468204
7.058545
7.068269
7.048106
7.093641
7.071929
7.097318
7.084298
