0.844404
0.859430
0.871507
0.849247
0.845142
0.845311
0.870207
0.844973
0.845595
0.865322
0.865446
0.844820
0.869337
0.844841
0.863955
0.876100
0.849401
0.861495
0.875718
0.845203
0.846616
0.845312
0.865163
0.876687
0.852449
0.846274
0.845045
0.845411
0.867200
0.860588
0.844713
0.848810
0.862350
0.848566
0.844228
0.848769
0.845295
0.853250
0.874694
0.854343
0.870337
0.853271
0.849617
0.845440
0.844905
0.863353
0.877232
0.866674
0.862903
0.848334
0.858740
0.845274
0.857908
0.870230
0.850134
0.867612
0.850351
0.868688
0.845147
0.859434
0.844863
0.876910
0.845109
0.845228
0.866938
0.863664
0.871317
0.845540
0.845817
0.860318
0.871610
0.849532
0.874907
0.851658
0.865396
0.864371
0.871247
0.856318
0.849113
0.856891
0.854875
0.861418
0.845905
0.847289
0.873572
0.845005
0.852365
0.844824
0.854914
0.845050
0.855601
0.850953
0.860413
0.863788
0.863414
0.867724
0.849765
0.845475
0.852241
0.860173
