12404.000000
12348.000000
12396.000000
12248.000000
12576.000000
12272.000000
12412.000000
12628.000000
12392.000000
12560.000000
12304.000000
12412.000000
12348.000000
12276.000000
12264.000000
12512.000000
12364.000000
12600.000000
12504.000000
12644.000000
12336.000000
12248.000000
12268.000000
12372.000000
12344.000000
12352.000000
12220.000000
12280.000000
12364.000000
12548.000000
12540.000000
12324.000000
12284.000000
12488.000000
12240.000000
12352.000000
12432.000000
12276.000000
12424.000000
12296.000000
12244.000000
12328.000000
12208.000000
12192.000000
12368.000000
12236.000000
12340.000000
12400.000000
12332.000000
12504.000000
12372.000000
12312.000000
12304.000000
12408.000000
12400.000000
12324.000000
12232.000000
12532.000000
12476.000000
12336.000000
12236.000000
12364.000000
12260.000000
12312.000000
12408.000000
12672.000000
12376.000000
12524.000000
12268.000000
12388.000000
12336.000000
12492.000000
12248.000000
12436.000000
12316.000000
12684.000000
12380.000000
12272.000000
12368.000000
12280.000000
12412.000000
12364.000000
12308.000000
12312.000000
12256.000000
12524.000000
12260.000000
12344.000000
12388.000000
12440.000000
12400.000000
12392.000000
12452.000000
12544.000000
12584.000000
12400.000000
12208.000000
12404.000000
12388.000000
12352.000000
