21240.000000
21784.000000
21960.000000
21916.000000
21168.000000
21444.000000
21684.000000
21836.000000
21848.000000
21932.000000
21592.000000
21656.000000
21624.000000
21416.000000
21752.000000
21796.000000
21716.000000
21696.000000
21408.000000
21556.000000
21684.000000
21792.000000
21412.000000
21884.000000
22040.000000
21684.000000
21656.000000
21312.000000
21776.000000
21284.000000
21660.000000
21816.000000
21448.000000
21836.000000
21848.000000
21728.000000
21572.000000
21532.000000
21788.000000
21776.000000
21772.000000
21840.000000
21708.000000
21716.000000
21908.000000
21816.000000
21784.000000
22016.000000
21632.000000
21732.000000
21640.000000
21712.000000
21720.000000
21744.000000
21624.000000
21804.000000
21704.000000
21696.000000
21852.000000
21712.000000
21660.000000
21904.000000
21376.000000
21728.000000
21632.000000
21424.000000
21672.000000
21628.000000
21664.000000
21296.000000
21748.000000
21708.000000
21764.000000
21652.000000
21636.000000
21564.000000
21768.000000
21668.000000
21324.000000
21620.000000
21524.000000
21436.000000
21828.000000
21536.000000
21676.000000
21428.000000
21764.000000
21920.000000
21792.000000
21852.000000
21500.000000
21444.000000
21764.000000
21772.000000
21524.000000
21536.000000
21728.000000
21560.000000
21220.000000
21480.000000
