33464.000000
33480.000000
33528.000000
33368.000000
33480.000000
33336.000000
33484.000000
33956.000000
33720.000000
33396.000000
33456.000000
33564.000000
33440.000000
33668.000000
33400.000000
33556.000000
33600.000000
33344.000000
33420.000000
33312.000000
33388.000000
33300.000000
33368.000000
33636.000000
33564.000000
33496.000000
33600.000000
33620.000000
33432.000000
33368.000000
33656.000000
33816.000000
33576.000000
33556.000000
33472.000000
33260.000000
33560.000000
33336.000000
33680.000000
33428.000000
33548.000000
33660.000000
33320.000000
33488.000000
33632.000000
33496.000000
33540.000000
33672.000000
33620.000000
33452.000000
33760.000000
33536.000000
33508.000000
33396.000000
33688.000000
33796.000000
33596.000000
33404.000000
33440.000000
33452.000000
33484.000000
33524.000000
33472.000000
33704.000000
33288.000000
33744.000000
33588.000000
33764.000000
33384.000000
33340.000000
33820.000000
33500.000000
33504.000000
33416.000000
33528.000000
33528.000000
33912.000000
33700.000000
33656.000000
33720.000000
33676.000000
33324.000000
33648.000000
33464.000000
33692.000000
33604.000000
33344.000000
33364.000000
33248.000000
33564.000000
33372.000000
33540.000000
33548.000000
33436.000000
33464.000000
33604.000000
33676.000000
33468.000000
33516.000000
33368.000000
