12396.000000
12480.000000
12996.000000
13168.000000
12564.000000
12604.000000
13076.000000
13336.000000
13200.000000
12348.000000
12512.000000
12952.000000
12992.000000
13160.000000
12928.000000
12780.000000
12524.000000
12760.000000
13048.000000
13276.000000
12344.000000
12576.000000
13068.000000
13088.000000
13288.000000
12428.000000
12560.000000
13096.000000
12816.000000
13232.000000
12600.000000
13224.000000
12816.000000
12468.000000
13096.000000
13208.000000
13144.000000
13100.000000
12568.000000
13076.000000
12468.000000
12508.000000
13016.000000
13192.000000
12960.000000
13268.000000
13432.000000
12344.000000
12600.000000
13108.000000
12520.000000
13204.000000
13352.000000
13224.000000
12752.000000
12364.000000
13160.000000
12932.000000
12496.000000
12472.000000
13308.000000
13116.000000
12496.000000
12900.000000
12784.000000
13200.000000
13188.000000
12548.000000
13084.000000
12672.000000
13140.000000
12676.000000
13108.000000
12468.000000
12920.000000
12492.000000
12688.000000
12928.000000
13216.000000
13136.000000
13220.000000
12580.000000
13272.000000
12496.000000
13348.000000
12968.000000
12452.000000
12708.000000
12620.000000
12444.000000
12924.000000
13196.000000
13196.000000
13104.000000
13076.000000
13332.000000
13128.000000
12560.000000
12892.000000
12472.000000
