61480.000000
61388.000000
61188.000000
61380.000000
61288.000000
61652.000000
61284.000000
61728.000000
61444.000000
61508.000000
61416.000000
61572.000000
61468.000000
61396.000000
61544.000000
61628.000000
61092.000000
61412.000000
61516.000000
61360.000000
61400.000000
61224.000000
61112.000000
61464.000000
61452.000000
61624.000000
61480.000000
61568.000000
61400.000000
61536.000000
61488.000000
61616.000000
61364.000000
61568.000000
61780.000000
61592.000000
61408.000000
61276.000000
61316.000000
61340.000000
61468.000000
61484.000000
61656.000000
61404.000000
61600.000000
61676.000000
61144.000000
61688.000000
61324.000000
61568.000000
61580.000000
61132.000000
61664.000000
61696.000000
61236.000000
61520.000000
61388.000000
61356.000000
61648.000000
61460.000000
61312.000000
61400.000000
61708.000000
61596.000000
61676.000000
61476.000000
61500.000000
61528.000000
61392.000000
61520.000000
61412.000000
61840.000000
61352.000000
61308.000000
61444.000000
61276.000000
61444.000000
61492.000000
61456.000000
61512.000000
61504.000000
61464.000000
61444.000000
61640.000000
61444.000000
61652.000000
61608.000000
61324.000000
61512.000000
61488.000000
61404.000000
61652.000000
61504.000000
61600.000000
61604.000000
61364.000000
61432.000000
61384.000000
61332.000000
61480.000000
