13268.000000
13196.000000
12844.000000
12740.000000
13044.000000
13136.000000
12828.000000
13184.000000
13024.000000
13272.000000
12960.000000
13232.000000
13444.000000
13144.000000
13168.000000
13008.000000
12892.000000
13188.000000
13080.000000
13264.000000
12976.000000
13216.000000
13240.000000
12932.000000
12936.000000
12920.000000
13284.000000
13212.000000
12772.000000
13128.000000
12872.000000
13116.000000
13144.000000
12900.000000
12980.000000
13172.000000
12812.000000
12936.000000
13100.000000
13204.000000
12896.000000
13236.000000
12828.000000
13228.000000
12932.000000
13224.000000
12840.000000
13216.000000
13140.000000
12852.000000
13056.000000
13200.000000
13220.000000
12852.000000
13192.000000
12732.000000
13284.000000
13296.000000
12812.000000
12884.000000
13080.000000
13248.000000
13064.000000
13368.000000
13360.000000
12736.000000
13060.000000
13380.000000
12912.000000
13204.000000
12804.000000
13284.000000
13176.000000
13168.000000
13036.000000
13156.000000
13188.000000
13136.000000
13012.000000
13232.000000
13384.000000
12904.000000
12872.000000
13100.000000
12948.000000
13132.000000
12824.000000
13192.000000
12816.000000
12916.000000
13336.000000
13408.000000
13028.000000
13352.000000
12860.000000
13252.000000
13148.000000
13228.000000
12916.000000
13100.000000
