18192.000000
16980.000000
17032.000000
16128.000000
16128.000000
16984.000000
17056.000000
17960.000000
17944.000000
16912.000000
16068.000000
17120.000000
18140.000000
17304.000000
17008.000000
16080.000000
17996.000000
17300.000000
17132.000000
16060.000000
18064.000000
17148.000000
17284.000000
16364.000000
16208.000000
16980.000000
18268.000000
17108.000000
17224.000000
18040.000000
16124.000000
16944.000000
18016.000000
16992.000000
16976.000000
15932.000000
16932.000000
15972.000000
16900.000000
18088.000000
16388.000000
16904.000000
18032.000000
17100.000000
17004.000000
18044.000000
16864.000000
16164.000000
17052.000000
18124.000000
17068.000000
16352.000000
16964.000000
16028.000000
17076.000000
17920.000000
16984.000000
18160.000000
16076.000000
16808.000000
16888.000000
16008.000000
18204.000000
16992.000000
16992.000000
15988.000000
18188.000000
16924.000000
16948.000000
16128.000000
18096.000000
17008.000000
16992.000000
18088.000000
16308.000000
16964.000000
16972.000000
18020.000000
16356.000000
16972.000000
18172.000000
17044.000000
16040.000000
16964.000000
16328.000000
17016.000000
17092.000000
18112.000000
17056.000000
16296.000000
16920.000000
18228.000000
15884.000000
16908.000000
17132.000000
18136.000000
16772.000000
15956.000000
17044.000000
17964.000000
