21784.000000
21944.000000
21676.000000
21360.000000
21896.000000
21996.000000
21804.000000
21560.000000
21708.000000
21488.000000
21980.000000
21892.000000
21568.000000
21676.000000
21792.000000
21916.000000
21832.000000
22040.000000
21764.000000
21996.000000
21876.000000
21420.000000
21960.000000
21780.000000
21720.000000
21652.000000
21972.000000
21804.000000
21812.000000
21916.000000
22032.000000
21876.000000
21560.000000
21648.000000
21876.000000
21844.000000
21888.000000
21672.000000
22064.000000
21732.000000
21800.000000
21820.000000
21888.000000
22100.000000
21736.000000
21812.000000
22176.000000
22072.000000
21556.000000
22016.000000
21832.000000
21892.000000
21836.000000
21748.000000
21508.000000
21588.000000
21840.000000
21600.000000
21960.000000
21932.000000
21844.000000
21972.000000
21560.000000
21836.000000
22064.000000
21912.000000
21604.000000
21888.000000
21636.000000
21904.000000
22016.000000
21720.000000
21952.000000
22096.000000
21724.000000
21708.000000
21436.000000
21908.000000
21884.000000
21760.000000
21824.000000
21312.000000
21668.000000
22128.000000
21580.000000
21960.000000
21880.000000
21952.000000
21784.000000
21968.000000
21616.000000
21620.000000
21868.000000
21544.000000
22060.000000
21976.000000
21716.000000
21704.000000
22092.000000
22064.000000
