33540.000000
33336.000000
33288.000000
33336.000000
33508.000000
33200.000000
33692.000000
33144.000000
33492.000000
33308.000000
33204.000000
33440.000000
33224.000000
33180.000000
33368.000000
33508.000000
33304.000000
33460.000000
33144.000000
33572.000000
33580.000000
33348.000000
33228.000000
33284.000000
33816.000000
33352.000000
33236.000000
33540.000000
33764.000000
33156.000000
33172.000000
33416.000000
33264.000000
33392.000000
33140.000000
33516.000000
33500.000000
33520.000000
33496.000000
33272.000000
33208.000000
33444.000000
33444.000000
33240.000000
33668.000000
33220.000000
33252.000000
33124.000000
33472.000000
33380.000000
33232.000000
33376.000000
33504.000000
33560.000000
33380.000000
33476.000000
33460.000000
33300.000000
33396.000000
33380.000000
33352.000000
33248.000000
33316.000000
33576.000000
33444.000000
33332.000000
33180.000000
33296.000000
33356.000000
33448.000000
33516.000000
33452.000000
33240.000000
33312.000000
33312.000000
33396.000000
33232.000000
33224.000000
33572.000000
33404.000000
33380.000000
33220.000000
33440.000000
33108.000000
33268.000000
33048.000000
33212.000000
33780.000000
33636.000000
33416.000000
33376.000000
33204.000000
33388.000000
33300.000000
33468.000000
33236.000000
33204.000000
33440.000000
33344.000000
33352.000000
