16720.000000
16000.000000
17888.000000
16816.000000
16004.000000
16956.000000
17772.000000
16800.000000
17876.000000
17024.000000
16748.000000
16056.000000
16720.000000
15992.000000
16864.000000
17832.000000
17212.000000
17828.000000
16696.000000
16180.000000
16624.000000
16056.000000
17816.000000
16840.000000
15840.000000
16844.000000
17836.000000
16840.000000
16728.000000
15828.000000
17800.000000
16800.000000
16008.000000
16868.000000
16864.000000
17860.000000
16804.000000
15804.000000
17876.000000
16928.000000
18276.000000
17128.000000
15852.000000
16712.000000
16688.000000
17900.000000
15836.000000
16964.000000
16756.000000
17844.000000
15856.000000
16724.000000
15820.000000
16888.000000
17056.000000
17904.000000
16848.000000
17816.000000
16076.000000
16860.000000
16928.000000
17832.000000
16108.000000
16948.000000
16864.000000
17940.000000
15924.000000
16916.000000
15988.000000
16904.000000
17876.000000
17288.000000
15764.000000
16728.000000
17876.000000
16992.000000
16832.000000
17776.000000
16000.000000
17012.000000
15980.000000
16732.000000
16724.000000
17772.000000
16720.000000
15980.000000
17868.000000
16692.000000
15940.000000
16796.000000
16936.000000
17852.000000
16828.000000
17864.000000
16016.000000
16724.000000
17252.000000
17904.000000
15908.000000
16964.000000
