15044.000000
14972.000000
15044.000000
14992.000000
15176.000000
15132.000000
15020.000000
15176.000000
15016.000000
15132.000000
14960.000000
14992.000000
14924.000000
15024.000000
15100.000000
14968.000000
14996.000000
14972.000000
15012.000000
15052.000000
15060.000000
15164.000000
15044.000000
15044.000000
15168.000000
15104.000000
15168.000000
15156.000000
15156.000000
14936.000000
14940.000000
15056.000000
15084.000000
14980.000000
15128.000000
15132.000000
15056.000000
14996.000000
15080.000000
14996.000000
15148.000000
15104.000000
15020.000000
15112.000000
15028.000000
15112.000000
15072.000000
14912.000000
15148.000000
15064.000000
15028.000000
15100.000000
14992.000000
15120.000000
14988.000000
15064.000000
14944.000000
15128.000000
15060.000000
15004.000000
15076.000000
15060.000000
15004.000000
15104.000000
15008.000000
15080.000000
15112.000000
15168.000000
15076.000000
15000.000000
15160.000000
15092.000000
15064.000000
14976.000000
15032.000000
15036.000000
15024.000000
15092.000000
15120.000000
15052.000000
15164.000000
15040.000000
15004.000000
15008.000000
14984.000000
15072.000000
14944.000000
15108.000000
15072.000000
15004.000000
15136.000000
15112.000000
15008.000000
15160.000000
15156.000000
15040.000000
14928.000000
15088.000000
15124.000000
15128.000000
