12716.000000
12428.000000
12692.000000
12544.000000
12732.000000
12768.000000
12692.000000
12640.000000
12568.000000
12580.000000
12600.000000
12660.000000
12664.000000
12528.000000
12552.000000
12364.000000
12544.000000
12324.000000
12536.000000
12676.000000
12456.000000
12604.000000
12604.000000
12700.000000
12716.000000
12532.000000
12560.000000
12528.000000
12452.000000
12628.000000
12840.000000
12544.000000
12668.000000
12380.000000
12512.000000
12692.000000
12596.000000
12424.000000
12488.000000
12544.000000
12604.000000
12372.000000
12468.000000
12576.000000
12524.000000
12532.000000
12692.000000
12568.000000
12404.000000
12688.000000
12512.000000
12596.000000
12768.000000
12504.000000
12512.000000
12696.000000
12676.000000
12504.000000
12540.000000
12568.000000
12400.000000
12548.000000
12692.000000
12572.000000
12548.000000
12320.000000
12380.000000
12296.000000
12444.000000
12588.000000
12592.000000
12692.000000
12560.000000
12632.000000
12376.000000
12472.000000
12492.000000
12552.000000
12676.000000
12536.000000
12588.000000
12504.000000
12604.000000
12472.000000
12436.000000
12560.000000
12376.000000
12704.000000
12616.000000
12548.000000
12424.000000
12460.000000
12480.000000
12496.000000
12444.000000
12560.000000
12504.000000
12412.000000
12464.000000
12504.000000
