13068.000000
13012.000000
12472.000000
12980.000000
12260.000000
12844.000000
12628.000000
12880.000000
12936.000000
12372.000000
12328.000000
13056.000000
13184.000000
13036.000000
12812.000000
12292.000000
12812.000000
12316.000000
12396.000000
13004.000000
12880.000000
13052.000000
12428.000000
12836.000000
12996.000000
12992.000000
12380.000000
13124.000000
12828.000000
13036.000000
13100.000000
12408.000000
13028.000000
12384.000000
12988.000000
13068.000000
13144.000000
12260.000000
12900.000000
12896.000000
12784.000000
12532.000000
13040.000000
12380.000000
12276.000000
12784.000000
12960.000000
13028.000000
12320.000000
13024.000000
13184.000000
12804.000000
12964.000000
12860.000000
12808.000000
12440.000000
12788.000000
12424.000000
12896.000000
12256.000000
12504.000000
12968.000000
12248.000000
12976.000000
12548.000000
12952.000000
12900.000000
13000.000000
12840.000000
12172.000000
12556.000000
12972.000000
12504.000000
13024.000000
12976.000000
12396.000000
12216.000000
12288.000000
12748.000000
13036.000000
13048.000000
12392.000000
12384.000000
12776.000000
13000.000000
12956.000000
12600.000000
12928.000000
12944.000000
12812.000000
12504.000000
12364.000000
12776.000000
13168.000000
12376.000000
12336.000000
12980.000000
12484.000000
12984.000000
12272.000000
