13224.000000
13120.000000
13104.000000
13436.000000
13088.000000
13480.000000
13308.000000
13292.000000
13060.000000
13448.000000
13488.000000
12924.000000
13212.000000
13320.000000
13224.000000
13484.000000
13320.000000
13120.000000
12992.000000
13452.000000
12968.000000
13392.000000
13284.000000
13352.000000
13056.000000
13540.000000
13456.000000
13372.000000
13232.000000
13360.000000
13052.000000
13348.000000
13444.000000
13588.000000
13108.000000
13224.000000
13304.000000
13352.000000
13356.000000
13244.000000
13088.000000
13044.000000
13404.000000
13324.000000
12992.000000
13536.000000
13120.000000
13476.000000
13188.000000
12980.000000
13312.000000
13300.000000
13112.000000
13580.000000
13132.000000
13696.000000
13528.000000
13300.000000
13036.000000
12952.000000
13628.000000
13160.000000
13368.000000
12980.000000
13408.000000
13440.000000
13324.000000
13088.000000
13372.000000
13304.000000
13296.000000
12960.000000
13188.000000
13416.000000
12968.000000
13300.000000
12932.000000
13380.000000
13352.000000
13352.000000
13004.000000
13268.000000
13292.000000
13372.000000
13644.000000
13368.000000
13024.000000
13236.000000
12956.000000
13332.000000
13452.000000
13132.000000
12968.000000
13252.000000
13348.000000
13308.000000
13356.000000
13056.000000
13580.000000
13280.000000
