0.030395
0.029207
0.029192
0.029195
0.027020
0.027019
0.027022
0.027835
0.070912
0.073158
0.070956
0.070971
0.092086
0.089839
0.093680
0.093684
0.075241
0.077620
0.075276
0.075276
0.078263
0.078259
0.078406
0.080564
0.075249
0.077500
0.075284
0.075280
0.071371
0.071365
0.071379
0.073606
0.083849
0.081563
0.082490
0.082488
0.080673
0.080663
0.082967
0.080693
0.077213
0.077218
0.079605
0.077359
0.080226
0.080219
0.080242
0.082484
0.070089
0.070101
0.072791
0.070692
0.077566
0.077564
0.080272
0.078029
0.075381
0.073137
0.073126
0.073131
0.072777
0.072778
0.078899
0.076650
0.106152
0.106154
0.108584
0.110839
0.081424
0.081429
0.081426
0.083666
0.077040
0.077025
0.077043
0.079316
0.081497
0.081500
0.083919
0.081659
0.077057
0.077061
0.084472
0.082222
0.080466
0.080469
0.080558
0.082809
0.052937
0.052932
0.054729
0.052948
0.028910
0.028914
0.029947
0.028923
0.072715
0.072698
0.072697
0.074952
