0.031009
0.032661
0.031006
0.030996
0.036183
0.037743
0.038281
0.038274
0.075447
0.077695
0.077031
0.077025
0.074304
0.076569
0.074357
0.074352
0.074557
0.074561
0.076831
0.074574
0.084126
0.084122
0.087079
0.084816
0.084091
0.086331
0.087798
0.087794
0.079993
0.079992
0.082269
0.080317
0.077620
0.075386
0.075438
0.075444
0.081449
0.081452
0.083743
0.081491
0.081901
0.081903
0.084307
0.082001
0.030136
0.031100
0.031417
0.031421
0.066110
0.066095
0.066169
0.068433
0.075495
0.077747
0.076971
0.076977
0.081644
0.083886
0.081666
0.081661
0.077073
0.074819
0.074935
0.074949
0.085698
0.087955
0.086437
0.086430
0.079390
0.079398
0.079407
0.081653
0.070743
0.070747
0.075114
0.077361
0.081625
0.083961
0.081631
0.081621
0.068405
0.068406
0.070657
0.068420
0.075715
0.075705
0.080080
0.077821
0.082838
0.085090
0.084675
0.084686
0.033412
0.033414
0.036414
0.037427
0.076517
0.076521
0.076859
0.079170
