0.009568
0.007734
0.011073
0.007028
0.009059
0.007306
0.010837
0.007358
0.009956
0.007426
0.007797
0.009921
0.008755
0.008952
0.006975
0.007185
0.007851
0.007866
0.006949
0.010678
0.008265
0.009860
0.007116
0.009210
0.007670
0.007872
0.008497
0.009561
0.007593
0.011131
0.006881
0.009210
0.008273
0.008788
0.008434
0.012763
0.007073
0.008271
0.007496
0.007408
0.008835
0.007200
0.011971
0.007806
0.007872
0.006794
0.012253
0.007795
0.009200
0.007920
0.009123
0.010946
0.007886
0.009661
0.008783
0.007971
0.010476
0.007117
0.011346
0.007114
0.008723
0.008044
0.007887
0.007460
0.006818
0.006930
0.012664
0.007273
0.007738
0.007808
0.013623
0.007879
0.009911
0.006980
0.009784
0.007005
0.011152
0.007726
0.007295
0.006940
0.006945
0.007075
0.009787
0.008050
0.007894
0.009210
0.010829
0.006979
0.007152
0.010907
0.008225
0.007825
0.010462
0.007136
0.008177
0.010232
0.008696
0.007516
0.008686
0.007748
