0.006008
0.006412
0.006021
0.006007
0.006527
0.006521
0.006970
0.006532
0.008515
0.008532
0.009819
0.009245
0.004875
0.004867
0.004943
0.005658
0.009633
0.009623
0.010306
0.009717
0.005983
0.006367
0.006030
0.006036
0.009020
0.009029
0.009639
0.009035
0.005568
0.005567
0.006289
0.005934
0.006712
0.006710
0.007300
0.006729
0.005712
0.005724
0.005727
0.006120
0.009754
0.009741
0.010320
0.009744
0.006265
0.005859
0.005885
0.005893
0.007990
0.008656
0.010947
0.010959
0.007418
0.007432
0.007428
0.008013
0.005854
0.005860
0.005865
0.006256
0.007561
0.007544
0.008181
0.007567
0.006004
0.006380
0.006038
0.006320
0.004666
0.004671
0.004986
0.004676
0.006759
0.006749
0.007349
0.006777
0.007712
0.007702
0.008307
0.007741
0.007800
0.007799
0.008377
0.007812
0.009349
0.009348
0.009379
0.009948
0.005150
0.005145
0.005459
0.005156
0.009750
0.009758
0.009760
0.010433
0.006319
0.006319
0.006721
0.006324
