0.297908
0.289000
0.300388
0.300408
0.294948
0.305575
0.310946
0.310946
0.322970
0.322946
0.331085
0.340076
0.312904
0.304008
0.309824
0.309819
0.301418
0.301363
0.310807
0.320531
0.316009
0.307102
0.315419
0.315425
0.327694
0.318780
0.321787
0.321793
0.312608
0.303685
0.309076
0.309085
0.303280
0.312222
0.314292
0.314268
0.331045
0.322131
0.330049
0.330054
0.292611
0.292611
0.325341
0.316421
0.306524
0.306528
0.308604
0.317502
0.308743
0.308763
0.321240
0.312327
0.301761
0.310891
0.304565
0.304550
0.303483
0.303467
0.314419
0.305473
0.312930
0.312957
0.336027
0.327107
0.298493
0.298505
0.299324
0.308237
0.302187
0.311140
0.311608
0.311609
0.313227
0.322138
0.315380
0.315397
0.299466
0.299473
0.314653
0.304510
0.301020
0.309947
0.304062
0.304058
0.311678
0.302765
0.313464
0.313472
0.313674
0.322590
0.314584
0.314566
0.304517
0.304536
0.327268
0.318365
0.294833
0.294816
0.313445
0.304490
