58.347372
58.279408
58.875402
58.875426
59.506705
59.560482
61.407175
61.407241
62.466206
62.411201
63.547084
63.547197
62.749734
62.803742
64.173292
64.173434
65.784399
65.784519
66.195517
66.249280
63.788039
63.734201
64.705587
64.705556
59.879415
59.933166
61.690145
61.690223
64.003456
63.949540
65.475951
65.475964
56.233686
56.233766
56.611388
56.665968
64.652179
64.652308
64.870439
64.812635
64.664409
64.664493
64.878820
64.932653
62.896982
62.897068
63.171807
63.118075
60.684630
60.684726
62.273746
62.220003
60.851225
60.797376
61.353973
61.354048
59.079047
59.079124
59.114936
59.168817
59.096580
59.150492
60.456464
60.456501
67.226339
67.280200
67.577299
67.577373
63.625824
63.561117
64.431975
64.432037
65.754157
65.754239
66.314361
66.260694
60.510663
60.510718
60.810907
60.757290
61.730932
61.677162
62.149519
62.149549
61.677081
61.677132
63.626949
63.573223
60.423041
60.476819
60.831402
60.831523
65.436588
65.490342
66.020101
66.020181
62.211604
62.211669
63.198665
63.144928
