2.695717
2.712037
2.719450
2.719474
2.716166
2.730977
2.739626
2.739633
2.681006
2.681007
2.703426
2.715235
2.742106
2.728118
2.751240
2.751269
2.753919
2.753906
2.778444
2.763606
2.707171
2.707179
2.738308
2.751865
3.084167
3.084195
3.292544
3.309105
3.094218
3.078220
3.087153
3.087628
3.219391
3.206057
3.372599
3.372597
3.022388
3.034435
3.111763
3.111799
3.738983
3.739065
3.869321
3.884616
3.421055
3.435492
3.512754
3.512774
2.913279
2.913283
2.954146
2.939824
2.678200
2.678195
2.718816
2.705146
2.679098
2.679096
2.701868
2.717805
2.701023
2.701013
2.742857
2.727219
2.771605
2.757470
2.794272
2.794315
2.708475
2.694933
2.719111
2.719111
2.677590
2.677576
2.722387
2.707992
2.705500
2.705516
2.735978
2.721110
2.674820
2.690944
2.693866
2.693888
2.728865
2.713661
2.720285
2.720335
2.694739
2.694725
2.718644
2.704684
2.703179
2.703183
2.723648
2.737933
2.695007
2.695021
2.732340
2.746345
