0.001421
0.001585
0.001391
0.001410
0.000780
0.000785
0.000906
0.000794
0.000773
0.000766
0.000863
0.000778
0.000633
0.000630
0.000716
0.000639
0.001341
0.001344
0.001521
0.001371
0.001934
0.001926
0.001949
0.001635
0.000761
0.000759
0.000876
0.000783
0.001354
0.001368
0.001540
0.001375
0.000671
0.000673
0.000664
0.000759
0.000763
0.000765
0.000782
0.000853
0.000965
0.000973
0.001087
0.000984
0.001345
0.001332
0.001367
0.001508
0.001349
0.001339
0.001508
0.001359
0.001466
0.001446
0.001477
0.001643
0.001350
0.001343
0.001373
0.001520
0.001033
0.001029
0.001047
0.001170
0.000538
0.000532
0.000579
0.000543
0.000843
0.000931
0.000936
0.000929
0.001910
0.001886
0.001366
0.002072
0.001010
0.001013
0.001008
0.001103
0.001379
0.001391
0.001561
0.001411
0.000942
0.000941
0.001055
0.000948
0.001018
0.001020
0.001040
0.001145
0.001020
0.001015
0.001474
0.001632
0.001036
0.001034
0.001158
0.001055
