0.724064
0.694706
0.704877
0.700816
0.708319
0.690544
0.701294
0.707928
0.688230
0.701646
0.688922
0.720096
0.712324
0.703928
0.710386
0.720167
0.690500
0.721793
0.688309
0.688678
0.707392
0.743666
0.705308
0.707705
0.720683
0.708596
0.695221
0.719677
0.700711
0.707493
0.706166
0.704949
0.710179
0.688909
0.689376
0.688256
0.688804
0.688946
0.708248
0.719558
0.693644
0.700154
0.688574
0.706569
0.701673
0.700517
0.705877
0.688643
0.707152
0.712803
0.688351
0.705175
0.688535
0.720272
0.710548
0.700688
0.691884
0.703632
0.693154
0.707458
0.688409
0.688294
0.688264
0.700589
0.709624
0.709495
0.711997
0.714185
0.707934
0.689990
0.707262
0.690995
0.700355
0.690627
0.706461
0.688210
0.698642
0.708649
0.688274
0.707844
0.688556
0.706484
0.688577
0.692997
0.700269
0.688966
0.709876
0.688450
0.688780
0.688862
0.691314
0.688251
0.689332
0.695627
0.707226
0.710119
0.689515
0.727368
0.699516
0.707179
