306.323917
312.376244
304.281953
308.893253
312.602175
307.312944
292.321288
308.016890
306.171449
303.721518
304.125687
306.856082
304.904988
305.058122
308.419029
305.425972
300.427698
296.560342
298.003339
300.136254
297.665754
298.241549
299.543957
300.661605
302.291827
298.910578
301.553382
297.909695
297.738086
296.354837
296.509042
295.451455
300.974075
294.641505
302.001080
298.877597
296.488671
299.859231
294.527968
298.612926
295.988647
302.001824
299.086627
295.507640
298.733600
297.179610
296.550616
296.782048
298.338803
291.890239
298.247201
296.182632
295.671079
290.951956
292.912545
296.397218
290.874622
290.439286
291.198550
295.667399
291.833887
294.750556
294.670129
294.359343
296.462964
290.758043
294.960132
297.756270
295.101268
298.092795
293.887746
293.679296
290.606333
293.138918
294.226309
295.474137
289.696473
290.623280
292.479984
293.165013
293.114364
293.842555
294.133234
293.332150
295.882366
296.139349
294.201948
299.261236
291.020079
291.745100
294.747921
290.768615
292.376356
295.463986
293.232616
297.120239
296.596273
295.288758
294.737774
291.391743
