53.218469
53.218425
53.553236
53.607078
52.044221
52.044266
53.628917
53.575053
51.562993
51.563050
52.273531
52.327418
54.535903
54.589678
55.045904
55.045974
56.020099
56.073915
57.712594
57.712654
55.469733
55.469850
56.312642
56.366540
60.338832
60.338934
61.310109
61.244752
54.435489
54.435551
57.067657
57.126945
55.503014
55.503091
56.281274
56.335166
52.368160
52.368261
53.016778
52.962974
54.978826
54.978899
55.061218
55.007479
55.669934
55.669966
56.553452
56.607305
53.084045
53.084121
55.575426
55.629259
49.061285
49.115866
51.311104
51.311159
53.870527
53.870550
57.093925
57.147869
53.094465
53.148297
53.519201
53.519274
53.125770
53.125869
53.326399
53.382052
56.177596
56.123446
57.624586
57.624611
59.548610
59.602439
60.738002
60.738028
54.895094
54.841240
55.809313
55.809364
47.117052
47.117074
48.995758
48.941994
53.600254
53.655225
54.657255
54.657308
57.812687
57.812768
57.841722
57.895643
57.877517
57.877640
58.075180
58.021387
55.133712
55.133730
55.650468
55.596626
