0.000508
0.000453
0.000463
0.000456
0.001263
0.001243
0.001409
0.001272
0.000965
0.000959
0.001082
0.000978
0.000891
0.000876
0.000896
0.001005
0.001413
0.001400
0.001571
0.001436
0.001371
0.001373
0.001406
0.001691
0.001387
0.001376
0.001549
0.001396
0.001412
0.001424
0.001437
0.001576
0.000962
0.000964
0.001061
0.000983
0.001429
0.001418
0.001450
0.001603
0.001408
0.001417
0.001574
0.001417
0.001091
0.001088
0.001279
0.001098
0.001391
0.001372
0.001392
0.001552
0.000948
0.000946
0.001072
0.000965
0.001427
0.001405
0.001444
0.001604
0.001098
0.001099
0.001276
0.001124
0.001209
0.001214
0.001218
0.001362
0.000752
0.000747
0.000833
0.000750
0.001385
0.001373
0.001565
0.001404
0.000966
0.000957
0.001083
0.000966
0.001399
0.001413
0.001438
0.001579
0.000965
0.000957
0.000972
0.001075
0.000955
0.000942
0.000967
0.001078
0.001383
0.001370
0.001410
0.001552
0.001370
0.001378
0.001541
0.001392
