2.737832
2.737827
2.744178
2.759501
2.803090
2.803095
2.820586
2.834671
2.757258
2.743184
2.754620
2.754658
2.742422
2.756911
2.757976
2.757998
2.719010
2.718999
2.757383
2.740358
2.743939
2.730311
2.753172
2.753175
2.757747
2.774456
2.782237
2.782258
2.756261
2.756271
2.784923
2.768369
2.759210
2.774354
2.781100
2.781111
2.761749
2.745221
2.757123
2.757149
2.749767
2.735316
2.766240
2.766265
2.748594
2.763643
2.775859
2.775844
2.745038
2.728458
2.742635
2.742641
2.728599
2.728594
2.769360
2.754254
2.724505
2.705137
2.725340
2.725359
2.728958
2.728960
2.772417
2.757564
2.732554
2.732567
2.760544
2.775558
2.818536
2.834220
2.835864
2.835853
2.744562
2.744564
2.781181
2.765183
2.772554
2.786760
2.803534
2.803541
2.760369
2.743754
2.756028
2.756044
2.774244
2.790297
2.806762
2.806798
2.727700
2.727706
2.766289
2.749929
2.770927
2.755562
2.791916
2.791944
2.764421
2.748180
2.770380
2.770410
