0.299667
0.299671
0.300703
0.309607
0.312234
0.321125
0.321233
0.321219
0.304899
0.304896
0.305722
0.314621
0.303036
0.303894
0.311442
0.320338
0.315215
0.315207
0.318142
0.327040
0.308153
0.308144
0.323894
0.332839
0.313529
0.322492
0.316078
0.316074
0.311301
0.311307
0.323970
0.315012
0.308319
0.308281
0.312283
0.321193
0.331760
0.322853
0.326961
0.326952
0.301142
0.310031
0.302292
0.302313
0.305683
0.305664
0.308951
0.318057
0.303009
0.303023
0.307692
0.316593
0.327922
0.319002
0.319700
0.319684
0.313656
0.313673
0.334764
0.325849
0.316964
0.308059
0.311349
0.311370
0.314994
0.306100
0.310272
0.310289
0.318543
0.309897
0.319567
0.319568
0.311275
0.311299
0.313733
0.322647
0.318788
0.318795
0.327803
0.319765
0.314805
0.314801
0.317635
0.326596
0.316949
0.328143
0.318203
0.318199
0.322561
0.313651
0.315635
0.315643
0.309948
0.318866
0.324177
0.324182
0.320543
0.311631
0.312032
0.312036
