0.008165
0.008203
0.008213
0.008858
0.008061
0.008466
0.009432
0.009430
0.005266
0.004626
0.004654
0.004650
0.004629
0.004637
0.004644
0.004969
0.005293
0.004966
0.004996
0.004995
0.007700
0.007708
0.007762
0.008402
0.005793
0.005802
0.007245
0.006674
0.008874
0.008226
0.008272
0.008273
0.006300
0.005943
0.008077
0.008075
0.010168
0.010166
0.010543
0.010261
0.005865
0.006296
0.005934
0.005941
0.003849
0.004077
0.005716
0.005704
0.003831
0.003836
0.004110
0.003844
0.008622
0.008632
0.009652
0.010220
0.007013
0.006492
0.006509
0.006514
0.008551
0.008557
0.008571
0.008964
0.004864
0.004864
0.004918
0.005188
0.011088
0.010799
0.010975
0.011170
0.003713
0.003918
0.004545
0.004541
0.005449
0.005446
0.005859
0.005479
0.004270
0.004270
0.004280
0.004528
0.006545
0.006179
0.006177
0.006247
0.004043
0.004041
0.004064
0.004306
0.006242
0.006244
0.006243
0.006646
0.008703
0.008705
0.008739
0.009303
