75320.000000
75280.000000
75392.000000
75176.000000
75304.000000
75328.000000
75380.000000
75328.000000
75276.000000
75220.000000
75196.000000
75408.000000
75268.000000
75232.000000
75356.000000
75280.000000
75376.000000
75392.000000
75212.000000
75408.000000
75172.000000
75188.000000
75368.000000
75240.000000
75148.000000
75200.000000
75388.000000
75428.000000
75348.000000
75232.000000
75188.000000
75312.000000
75220.000000
75144.000000
75336.000000
75288.000000
75172.000000
75260.000000
75208.000000
75264.000000
75268.000000
75348.000000
75320.000000
75276.000000
75260.000000
75376.000000
75396.000000
75388.000000
75316.000000
75340.000000
75156.000000
75336.000000
75384.000000
75320.000000
75352.000000
75368.000000
75364.000000
75264.000000
75432.000000
75368.000000
75436.000000
75256.000000
75380.000000
75144.000000
75324.000000
75224.000000
75388.000000
75316.000000
75428.000000
75232.000000
75324.000000
75216.000000
75228.000000
75304.000000
75372.000000
75208.000000
75192.000000
75344.000000
75328.000000
75428.000000
75344.000000
75332.000000
75320.000000
75380.000000
75240.000000
75180.000000
75380.000000
75300.000000
75428.000000
75364.000000
75108.000000
74992.000000
75316.000000
75232.000000
75276.000000
75384.000000
75272.000000
75272.000000
75340.000000
75228.000000
