11532.000000
11460.000000
11416.000000
11504.000000
11452.000000
11504.000000
11480.000000
11452.000000
11368.000000
11428.000000
11456.000000
11320.000000
11468.000000
11460.000000
11412.000000
11456.000000
11472.000000
11420.000000
11568.000000
11432.000000
11412.000000
11284.000000
11468.000000
11392.000000
11520.000000
11424.000000
11536.000000
11508.000000
11356.000000
11484.000000
11540.000000
11576.000000
11400.000000
11228.000000
11400.000000
11356.000000
11488.000000
11500.000000
11368.000000
11564.000000
11540.000000
11436.000000
11472.000000
11392.000000
11376.000000
11504.000000
11452.000000
11452.000000
11476.000000
11500.000000
11492.000000
11412.000000
11376.000000
11524.000000
11332.000000
11412.000000
11584.000000
11380.000000
11396.000000
11428.000000
11376.000000
11380.000000
11376.000000
11468.000000
11420.000000
11404.000000
11492.000000
11508.000000
11528.000000
11380.000000
11404.000000
11416.000000
11376.000000
11356.000000
11428.000000
11508.000000
11380.000000
11372.000000
11424.000000
11412.000000
11376.000000
11536.000000
11504.000000
11368.000000
11420.000000
11532.000000
11476.000000
11324.000000
11396.000000
11512.000000
11304.000000
11416.000000
11484.000000
11420.000000
11376.000000
11400.000000
11436.000000
11588.000000
11388.000000
11424.000000
