75624.000000
75572.000000
75556.000000
75680.000000
75636.000000
75596.000000
75580.000000
75584.000000
75636.000000
75416.000000
75616.000000
75588.000000
75580.000000
75396.000000
75596.000000
75516.000000
75592.000000
75416.000000
75656.000000
75528.000000
75416.000000
75656.000000
75576.000000
75596.000000
75561.676916
75489.414832
75487.253526
75600.880247
75602.433191
75597.276054
75561.103035
75562.520772
75545.772239
75618.147463
75520.075127
75504.275874
75582.534447
75499.131023
75596.987415
75613.543627
75550.676116
75543.022135
75572.064437
75494.652384
75613.028037
75518.755549
75546.6961
75515.930489
75568.811259
75559.038219
75567.380172
75550.466361
75570.396781
75584.535383
75551.524017
75482.277808
75500.379536
75576.826045
75617.906723
75520.366292
75524.840711
75517.30379
75526.259968
75583.22554
75595.088575
75580.575279
75603.286498
75554.725143
75543.022459
75574.842742
75550.680583
75499.772414
75511.317705
75531.947932
75560.152328
75555.285396
75534.592595
75581.515609
75541.343601
75545.961283
75535.404446
75561.616994
75577.435963
75559.348453
75597.941691
75542.845025
75555.383265
75618.137165
75582.727895
75575.498487
75517.444339
75584.660646
75581.071109
75588.040449
75485.48966
75518.373289
75530.565135
75514.563805
75608.574928
75591.07667
