15700.000000
15728.000000
15848.000000
15636.000000
15596.000000
15712.000000
15652.000000
15752.000000
15724.000000
15644.000000
15656.000000
15844.000000
15764.000000
15764.000000
15736.000000
15764.000000
15792.000000
15796.000000
15844.000000
15692.000000
15808.000000
15800.000000
15808.000000
15732.000000
15716.000000
15820.000000
15696.000000
15668.000000
15836.000000
15780.000000
15704.000000
15784.000000
15704.000000
15740.000000
15676.000000
15752.000000
15800.000000
15700.000000
15712.000000
15812.000000
15728.000000
15824.000000
15832.000000
15744.000000
15844.000000
15780.000000
15720.000000
15736.000000
15716.000000
15768.000000
15720.000000
15680.000000
15700.000000
15660.000000
15736.000000
15700.000000
15680.000000
15540.000000
15728.000000
15696.000000
15744.000000
15668.000000
15724.000000
15636.000000
15780.000000
15704.000000
15764.000000
15764.000000
15808.000000
15680.000000
15692.000000
15788.000000
15756.000000
15800.000000
15700.000000
15780.000000
15800.000000
15684.000000
15668.000000
15768.000000
15688.000000
15808.000000
15776.000000
15652.000000
15780.000000
15668.000000
15760.000000
15800.000000
15724.000000
15688.000000
15632.000000
15752.000000
15772.000000
15796.000000
15824.000000
15716.000000
15716.000000
15692.000000
15712.000000
15792.000000
