28160.000000
28128.000000
28112.000000
28124.000000
28220.000000
28112.000000
28132.000000
28048.000000
28044.000000
28240.000000
28204.000000
28108.000000
28100.000000
28188.000000
28096.000000
28168.000000
28184.000000
28208.000000
28108.000000
28192.000000
28260.000000
28040.000000
28172.000000
27964.000000
28224.000000
28152.000000
28256.000000
28160.000000
28232.000000
28244.000000
28064.000000
28040.000000
28100.000000
28132.000000
28012.000000
28140.000000
28144.000000
28144.000000
28184.000000
28108.000000
28088.000000
28064.000000
28172.000000
28256.000000
28096.000000
28112.000000
28116.000000
28156.000000
28112.000000
28160.000000
28176.000000
28080.000000
28060.000000
28232.000000
28012.000000
28164.000000
28244.000000
28140.000000
28032.000000
27980.000000
28136.000000
28216.000000
27972.000000
28124.000000
28180.000000
28160.000000
28132.000000
28240.000000
28040.000000
28176.000000
28164.000000
28140.000000
28136.000000
28252.000000
28068.000000
28116.000000
28032.000000
28052.000000
28128.000000
28188.000000
28032.000000
28060.000000
28172.000000
28020.000000
28052.000000
28244.000000
27992.000000
28204.000000
28148.000000
28116.000000
28156.000000
27996.000000
28164.000000
28224.000000
28100.000000
28216.000000
28112.000000
27984.000000
28116.000000
28072.000000
