12676.000000
12808.000000
12632.000000
12808.000000
12752.000000
12744.000000
12684.000000
12796.000000
12676.000000
12740.000000
12672.000000
12708.000000
12652.000000
12608.000000
12788.000000
12608.000000
12708.000000
12876.000000
12616.000000
12732.000000
12652.000000
12716.000000
12660.000000
12788.000000
12764.000000
12712.000000
12988.000000
12848.000000
12732.000000
12688.000000
12648.000000
12744.000000
12776.000000
12736.000000
12780.000000
12692.000000
12704.000000
12660.000000
12704.000000
12612.000000
12748.000000
12716.000000
12736.000000
12816.000000
12764.000000
12652.000000
12580.000000
12632.000000
12624.000000
12908.000000
12556.000000
12852.000000
12540.000000
12620.000000
12652.000000
12648.000000
12608.000000
12704.000000
12912.000000
12572.000000
12580.000000
12804.000000
12652.000000
12748.000000
12620.000000
12684.000000
12620.000000
12624.000000
12620.000000
13000.000000
12716.000000
12776.000000
12748.000000
12660.000000
12656.000000
12644.000000
12676.000000
12584.000000
12692.000000
12628.000000
12644.000000
12680.000000
12708.000000
12728.000000
12656.000000
12880.000000
12720.000000
12644.000000
12712.000000
12988.000000
12872.000000
12748.000000
12772.000000
12700.000000
12728.000000
12712.000000
12684.000000
12792.000000
12628.000000
12708.000000
