13100.000000
13048.000000
13116.000000
13136.000000
13016.000000
13212.000000
13104.000000
13148.000000
13056.000000
13004.000000
12988.000000
13124.000000
13128.000000
12868.000000
13120.000000
13088.000000
13160.000000
13156.000000
13200.000000
13020.000000
13064.000000
13088.000000
13116.000000
13100.000000
12820.000000
13108.000000
13076.000000
13056.000000
13104.000000
13224.000000
13120.000000
13088.000000
13080.000000
13072.000000
13180.000000
13020.000000
13136.000000
13088.000000
12856.000000
13064.000000
12852.000000
13148.000000
13148.000000
13048.000000
12988.000000
13160.000000
12872.000000
13156.000000
12980.000000
13016.000000
13092.000000
13144.000000
13032.000000
13132.000000
13084.000000
13052.000000
13148.000000
13212.000000
13004.000000
13064.000000
13180.000000
13156.000000
13076.000000
13208.000000
13184.000000
13160.000000
13136.000000
13104.000000
13104.000000
13164.000000
13192.000000
13164.000000
13128.000000
13144.000000
13064.000000
13140.000000
12928.000000
13028.000000
13120.000000
12836.000000
13196.000000
13116.000000
13100.000000
13220.000000
13104.000000
13124.000000
13088.000000
13044.000000
12884.000000
13164.000000
13068.000000
13104.000000
13092.000000
13140.000000
13136.000000
13072.000000
13168.000000
12756.000000
13152.000000
12968.000000
