16064.000000
16084.000000
16024.000000
16068.000000
16016.000000
15956.000000
16060.000000
15732.000000
15800.000000
16024.000000
15960.000000
16020.000000
15820.000000
16056.000000
16084.000000
15980.000000
15960.000000
15768.000000
15980.000000
15960.000000
16044.000000
16004.000000
16028.000000
16012.000000
16064.000000
15976.000000
16020.000000
15920.000000
15936.000000
15976.000000
16068.000000
15964.000000
15964.000000
16140.000000
15932.000000
15944.000000
16052.000000
15916.000000
15916.000000
15944.000000
16088.000000
16008.000000
15972.000000
16016.000000
16076.000000
16064.000000
15952.000000
15920.000000
15764.000000
16068.000000
15960.000000
15744.000000
16024.000000
16044.000000
15964.000000
16088.000000
15980.000000
16052.000000
15848.000000
16152.000000
16036.000000
15748.000000
15996.000000
16104.000000
16024.000000
16064.000000
15732.000000
16032.000000
15968.000000
15952.000000
15960.000000
15940.000000
15952.000000
16052.000000
16128.000000
15968.000000
16048.000000
15988.000000
16000.000000
16084.000000
15956.000000
15976.000000
15960.000000
15924.000000
15996.000000
15892.000000
15940.000000
15944.000000
15992.000000
15928.000000
15976.000000
16068.000000
16048.000000
16008.000000
15952.000000
16028.000000
15960.000000
15952.000000
15764.000000
15996.000000
