12040.000000
12000.000000
12076.000000
12080.000000
12080.000000
12024.000000
12092.000000
12056.000000
11936.000000
11960.000000
12080.000000
11888.000000
12056.000000
12080.000000
11980.000000
12048.000000
12016.000000
11988.000000
12112.000000
12012.000000
12080.000000
12040.000000
12064.000000
12032.000000
12008.000000
11952.000000
12044.000000
12064.000000
11888.000000
11924.000000
12024.000000
12004.000000
12004.000000
12052.000000
12128.000000
12144.000000
12056.000000
12092.000000
12000.000000
12112.000000
11824.000000
12108.000000
12072.000000
12012.000000
12020.000000
12104.000000
12060.000000
12028.000000
12076.000000
12072.000000
12028.000000
12052.000000
11988.000000
12020.000000
12080.000000
12088.000000
12144.000000
12056.000000
12036.000000
12108.000000
11916.000000
11984.000000
12048.000000
12032.000000
12128.000000
11992.000000
11996.000000
12112.000000
12060.000000
12016.000000
12016.000000
12040.000000
11984.000000
11980.000000
12048.000000
12132.000000
12028.000000
12064.000000
11780.000000
12168.000000
12076.000000
11920.000000
12064.000000
12044.000000
12132.000000
12032.000000
12060.000000
11952.000000
12044.000000
12128.000000
12012.000000
12080.000000
11988.000000
12064.000000
12040.000000
11988.000000
12112.000000
12012.000000
12020.000000
12028.000000
