28432.000000
28452.000000
28428.000000
28436.000000
28472.000000
28484.000000
28344.000000
28360.000000
28408.000000
28484.000000
28452.000000
28416.000000
28392.000000
28144.000000
28360.000000
28468.000000
28356.000000
28428.000000
28500.000000
28368.000000
28416.000000
28336.000000
28448.000000
28372.000000
28348.000000
28340.000000
28372.000000
28448.000000
28264.000000
28352.000000
28476.000000
28360.000000
28448.000000
28452.000000
28496.000000
28476.000000
28220.000000
28376.000000
28484.000000
28480.000000
28208.000000
28428.000000
28512.000000
28328.000000
28400.000000
28316.000000
28440.000000
28488.000000
28388.000000
28380.000000
28168.000000
28472.000000
28472.000000
28428.000000
28360.000000
28164.000000
28448.000000
28448.000000
28368.000000
28344.000000
28448.000000
28172.000000
28368.000000
28460.000000
28284.000000
28428.000000
28468.000000
28400.000000
28404.000000
28392.000000
28344.000000
28404.000000
28472.000000
28488.000000
28480.000000
28420.000000
28396.000000
28352.000000
28288.000000
28408.000000
28372.000000
28360.000000
28356.000000
28424.000000
28304.000000
28416.000000
28384.000000
28420.000000
28176.000000
28228.000000
28420.000000
28404.000000
28424.000000
28404.000000
28412.000000
28168.000000
28172.000000
28404.000000
28360.000000
28444.000000
