11792.000000
11724.000000
11636.000000
11732.000000
11652.000000
11640.000000
11828.000000
11800.000000
11780.000000
11756.000000
11820.000000
11716.000000
11548.000000
11808.000000
11788.000000
11472.000000
11636.000000
11632.000000
11784.000000
11492.000000
11752.000000
11848.000000
11500.000000
11528.000000
11796.000000
11736.000000
11732.000000
11776.000000
11784.000000
11752.000000
11856.000000
11844.000000
11728.000000
11636.000000
11756.000000
11784.000000
11760.000000
11780.000000
11756.000000
11732.000000
11604.000000
11760.000000
11832.000000
11836.000000
11616.000000
11680.000000
11756.000000
11784.000000
11640.000000
11696.000000
11788.000000
11792.000000
11672.000000
11668.000000
11636.000000
11448.000000
11684.000000
11684.000000
11664.000000
11648.000000
11640.000000
11756.000000
11800.000000
11628.000000
11788.000000
11724.000000
11732.000000
11620.000000
11680.000000
11848.000000
11716.000000
11756.000000
11792.000000
11692.000000
11716.000000
11832.000000
11640.000000
11664.000000
11820.000000
11732.000000
11684.000000
11672.000000
11544.000000
11720.000000
11652.000000
11720.000000
11752.000000
11780.000000
11728.000000
11588.000000
11752.000000
11640.000000
11816.000000
11820.000000
11756.000000
11620.000000
11604.000000
11724.000000
11696.000000
11836.000000
