12812.000000
12828.000000
12948.000000
12944.000000
12868.000000
12788.000000
12768.000000
12908.000000
12872.000000
12848.000000
12888.000000
12864.000000
12940.000000
12876.000000
12712.000000
12860.000000
12772.000000
12856.000000
12924.000000
12828.000000
12792.000000
12824.000000
12740.000000
12896.000000
12828.000000
12776.000000
12900.000000
12844.000000
12776.000000
12800.000000
12740.000000
12932.000000
12828.000000
12940.000000
12848.000000
12724.000000
12800.000000
12768.000000
12900.000000
12868.000000
12816.000000
12940.000000
12864.000000
12856.000000
12800.000000
12740.000000
12840.000000
12900.000000
12844.000000
12904.000000
12700.000000
12604.000000
12840.000000
12868.000000
12680.000000
12808.000000
12856.000000
12844.000000
12840.000000
12776.000000
12780.000000
12860.000000
12868.000000
12844.000000
12896.000000
12808.000000
12832.000000
12792.000000
12924.000000
12748.000000
12944.000000
12872.000000
12796.000000
12840.000000
12848.000000
12784.000000
12796.000000
12772.000000
12740.000000
12792.000000
12880.000000
12928.000000
12824.000000
12796.000000
12848.000000
12728.000000
12924.000000
12852.000000
12748.000000
12776.000000
12920.000000
12868.000000
12892.000000
12828.000000
12864.000000
12904.000000
12896.000000
12908.000000
12880.000000
12936.000000
