0.077104
0.079540
0.078565
0.080834
0.083069
0.081277
0.080973
0.078517
0.081453
0.076259
0.080210
0.082069
0.078677
0.079371
0.077614
0.084006
0.079527
0.084011
0.077234
0.079933
0.080330
0.086623
0.085544
0.083288
0.082895
0.080142
0.075416
0.078076
0.075937
0.076763
0.084000
0.076821
0.080316
0.077881
0.076359
0.076627
0.077612
0.085138
0.086422
0.079650
0.083125
0.078926
0.082522
0.080316
0.081587
0.082017
0.078482
0.080740
0.078716
0.079378
0.075965
0.084167
0.079785
0.083046
0.076835
0.078421
0.075887
0.081792
0.077947
0.077566
0.079519
0.085761
0.086819
0.077382
0.078774
0.081079
0.078742
0.079157
0.080521
0.079650
0.082089
0.077939
0.077029
0.077310
0.081519
0.076895
0.079003
0.084556
0.079320
0.086749
0.084730
0.081551
0.081204
0.081341
0.079642
0.076704
0.079251
0.075340
0.081385
0.080047
0.077997
0.084086
0.084156
0.076730
0.084485
0.080573
0.081875
0.077594
0.090484
0.079088
