0.820965
0.831801
0.800682
0.804754
0.799617
0.805814
0.818493
0.821520
0.817702
0.822428
0.815642
0.815285
0.800722
0.815334
0.837935
0.817901
0.814311
0.823157
0.815183
0.828198
0.799770
0.812603
0.800702
0.816072
0.807542
0.832689
0.801203
0.801609
0.800457
0.807833
0.819347
0.804910
0.801359
0.820848
0.810226
0.801875
0.814213
0.823554
0.811042
0.825551
0.803888
0.816193
0.828069
0.804489
0.821559
0.820725
0.801417
0.813888
0.821329
0.806552
0.800987
0.825441
0.818092
0.814172
0.817761
0.807712
0.800714
0.806323
0.817419
0.822273
0.807776
0.819805
0.808005
0.834620
0.805811
0.801268
0.801595
0.812309
0.816711
0.816061
0.800957
0.812785
0.801498
0.805763
0.804215
0.800923
0.823119
0.818437
0.814748
0.826384
0.804599
0.821465
0.801124
0.816577
0.815219
0.804673
0.801646
0.814863
0.800911
0.820198
0.814434
0.813878
0.801361
0.804362
0.799446
0.815492
0.812657
0.801747
0.815820
0.819691
