0.080710
0.080268
0.078938
0.079005
0.081601
0.085261
0.086131
0.082902
0.084097
0.078442
0.077524
0.074945
0.077027
0.088147
0.078343
0.083344
0.081718
0.082156
0.077609
0.080769
0.078774
0.080802
0.085983
0.085578
0.081190
0.077735
0.080770
0.084458
0.074217
0.088845
0.083596
0.080105
0.092514
0.077258
0.079099
0.076653
0.084292
0.080635
0.077178
0.075936
0.076883
0.089737
0.081977
0.079981
0.077992
0.089456
0.090446
0.091807
0.080444
0.077998
0.093632
0.075332
0.078376
0.076797
0.076793
0.078950
0.082130
0.081048
0.081133
0.082590
0.078025
0.077397
0.082615
0.076136
0.079979
0.083004
0.077549
0.086364
0.091407
0.082631
0.082301
0.080991
0.075581
0.077567
0.077407
0.084293
0.076139
0.088600
0.087334
0.080697
0.077415
0.078984
0.095353
0.085153
0.080992
0.081952
0.075801
0.078513
0.079071
0.080592
0.076347
0.076161
0.081410
0.078615
0.092559
0.086558
0.078976
0.087313
0.081578
0.079919
