310.067852
307.873903
308.511757
309.793810
311.805922
310.261273
309.634886
306.992471
306.545806
311.329773
309.007219
309.130550
305.600272
306.212894
312.461230
312.558224
308.976137
314.603908
305.044410
309.316751
311.253814
307.635226
313.009407
313.918372
316.05061
307.601282
313.845373
311.855652
311.61536
305.811109
309.88745
305.584104
316.585806
317.975836
305.297222
316.41579
310.013296
301.82811
301.288381
309.776556
303.937536
306.197453
319.655585
306.07948
315.53937
304.559487
302.78372
299.151266
301.967898
319.713602
301.744864
307.466218
309.121801
310.274506
310.684651
317.600227
316.824328
312.168673
309.180212
301.859353
307.56949
312.235595
306.648284
311.54861
319.84972
318.585629
319.599656
305.052688
308.28876
299.960678
305.844132
312.416246
315.110766
299.73343
312.126479
317.340169
306.051791
307.289225
310.89438
308.652427
299.534239
305.010583
313.424851
316.561886
315.720062
313.842583
302.576024
305.055305
311.078775
314.036143
313.862557
306.334445
309.522137
318.692233
314.547066
317.658656
302.552453
312.935689
301.497959
305.570729
