312.877568
311.531125
310.869471
310.233177
314.849954
315.024672
314.766697
317.431921
309.684678
312.670289
311.548636
313.378715
313.012427
310.130869
311.134483
317.783682
314.355831
313.558519
317.325472
314.897053
318.644937
317.796468
317.780960
313.878699
313.863957
314.819219
311.528542
316.724130
323.840336
314.747307
320.179745
316.289789
320.651855
318.173741
314.549473
319.084547
317.259015
313.647300
314.680066
318.836307
321.616593
321.937729
314.374458
317.800562
319.905901
329.448066
336.357505
339.364794
329.167613
329.031292
332.004807
332.291956
329.828370
339.691365
312.308423
306.955868
311.429219
303.924749
310.492119
309.471802
308.977958
302.879705
304.790336
313.629954
308.414932
307.100223
304.950056
309.104243
302.433057
305.271508
305.454984
306.385542
304.876350
305.261307
304.744299
307.012570
309.398624
308.418572
307.605090
308.908745
304.829287
306.072866
307.616510
302.468665
306.824330
315.081632
308.563860
311.398210
312.879880
309.650865
313.139673
306.280280
310.181281
309.451840
309.547235
309.897316
308.217648
308.516055
309.113839
310.053177
