0.000984
0.001651
0.001655
0.001236
0.001240
0.001214
0.001552
0.000979
0.000972
0.000970
0.001819
0.001543
0.001550
0.001548
0.001555
0.001220
0.001575
0.001564
0.001589
0.001546
0.001587
0.001678
0.000973
0.000992
0.000972
0.000995
0.000981
0.000971
0.000980
0.000963
0.000999
0.000968
0.001823
0.001590
0.001043
0.000964
0.001006
0.000962
0.000990
0.000969
0.000993
0.000965
0.000995
0.000996
0.000966
0.000966
0.000965
0.001030
0.001843
0.001230
0.001547
0.001590
0.003342
0.001543
0.001546
0.001550
0.001814
0.001146
0.001827
0.001811
0.001818
0.000962
0.001113
0.001605
0.001621
0.001649
0.001800
0.001472
0.001812
0.002116
0.001585
0.001554
0.001550
0.001547
0.001543
0.001544
0.000963
0.001138
0.000963
0.000992
0.000989
0.000963
0.000995
0.002276
0.002279
0.001541
0.001590
0.001206
0.001313
0.001321
0.001548
0.001790
0.001553
0.000992
0.000963
0.000990
0.001313
0.001312
0.001814
0.001802
