0.000751
0.000752
0.000834
0.000915
0.001235
0.000791
0.000892
0.000938
0.000845
0.000737
0.000879
0.000752
0.000972
0.000950
0.001005
0.000789
0.001192
0.000937
0.001277
0.000946
0.000783
0.001244
0.000828
0.000950
0.001226
0.000921
0.000874
0.000927
0.001072
0.000975
0.000757
0.000972
0.000850
0.001230
0.000947
0.000999
0.000738
0.000752
0.001109
0.000825
0.001104
0.000850
0.000760
0.001035
0.000841
0.001222
0.000873
0.000846
0.000761
0.000739
0.000744
0.000770
0.000752
0.000770
0.001239
0.000798
0.001061
0.000847
0.000783
0.000829
0.000753
0.000759
0.000737
0.000755
0.001238
0.001044
0.000763
0.001068
0.000829
0.000920
0.000737
0.000736
0.001281
0.000812
0.000765
0.000737
0.001228
0.000753
0.001186
0.000813
0.001076
0.000894
0.000770
0.001279
0.000811
0.000764
0.001384
0.001049
0.001515
0.000770
0.001075
0.000892
0.001068
0.000806
0.000830
0.000736
0.000737
0.001035
0.000788
0.001221
