8.250476
8.280017
8.174928
8.065298
7.946946
7.743484
6.960519
6.913759
6.875340
6.851339
7.884554
7.385425
6.884723
6.997449
6.956701
6.887133
6.945163
6.875432
6.922025
6.885537
6.969423
8.176087
8.186309
8.191082
8.207938
8.145032
7.985135
8.247534
8.273913
6.930016
6.875476
6.929440
8.110047
8.289873
6.939709
6.943167
6.935963
6.853133
6.940807
6.992374
7.863641
8.892111
8.032723
6.971106
6.899339
7.418939
7.977843
7.901950
7.934557
8.161564
8.105732
7.917743
7.936664
6.853662
6.845770
6.926663
6.914140
6.910814
6.860608
8.452768
9.820472
6.849213
7.967471
8.069783
8.072335
8.276068
6.972757
8.174621
8.184357
8.172432
8.232649
8.256118
8.149516
6.984936
6.995601
7.005577
6.903459
7.060507
6.865446
6.861664
7.019648
7.011212
8.167532
6.861703
6.977610
6.844465
7.031247
7.005792
6.940278
7.328762
7.366607
6.938606
7.007931
6.942964
6.875422
7.633085
7.659885
7.472445
6.930034
6.905192
