0.008338
0.007103
0.007834
0.007136
0.007443
0.008645
0.008286
0.011085
0.006802
0.010677
0.007167
0.012876
0.007272
0.006784
0.006923
0.006947
0.011253
0.007688
0.007697
0.007196
0.006909
0.008929
0.010315
0.008450
0.007019
0.007038
0.010305
0.010829
0.007617
0.008948
0.008968
0.007791
0.009281
0.008423
0.011913
0.007432
0.007680
0.006966
0.008003
0.007031
0.009804
0.008068
0.007595
0.006972
0.008310
0.007909
0.006953
0.007733
0.006807
0.011592
0.007218
0.006942
0.013268
0.007378
0.007030
0.006790
0.006815
0.011776
0.009122
0.007794
0.006903
0.006933
0.007152
0.009570
0.007510
0.008549
0.006969
0.008585
0.008275
0.007236
0.006957
0.007956
0.009129
0.008292
0.007327
0.008824
0.008589
0.007100
0.006814
0.007184
0.006917
0.010991
0.007272
0.007197
0.008453
0.008025
0.010128
0.009281
0.006823
0.009513
0.008392
0.009871
0.007101
0.009582
0.006970
0.008390
0.010968
0.007030
0.006795
0.007113
