7.370690
7.659440
7.544535
7.484821
7.387601
7.478410
7.441763
7.549377
7.059907
6.912525
8.070248
7.066906
7.052046
6.945809
7.061496
7.080975
7.040155
7.050578
7.043145
7.074628
6.880742
7.421727
7.417831
7.075853
7.456502
7.034024
7.068539
8.213222
8.239691
8.160052
7.009603
7.054034
7.079011
7.512082
6.883756
6.992211
7.014024
6.955113
6.995595
6.942194
7.807983
7.719310
6.893015
6.937771
6.995850
7.017727
6.950639
7.035575
7.065302
7.031293
6.909674
8.329050
6.956866
7.071738
6.960519
7.037568
7.051456
7.057381
7.602655
7.644132
7.621407
6.978207
7.030917
7.023847
7.870424
7.993136
6.914544
7.037869
6.887316
6.880789
7.455655
7.091940
6.897342
7.085664
7.050326
6.979526
6.904841
7.027887
6.920399
7.419156
7.523526
7.040595
7.436681
6.887575
7.041585
6.920902
6.890714
7.070397
7.088415
7.053182
7.065208
6.880670
6.888914
7.008984
6.902451
7.043246
7.051192
6.886274
7.034318
6.941746
