0.093828
0.078097
0.088914
0.083571
0.085932
0.081397
0.083676
0.077724
0.079180
0.081982
0.079388
0.078852
0.086257
0.079386
0.081101
0.076584
0.084227
0.076183
0.079752
0.078705
0.079198
0.081659
0.089110
0.086270
0.081197
0.090456
0.078609
0.077994
0.077601
0.088528
0.080033
0.094766
0.077287
0.082855
0.089383
0.083879
0.080312
0.088402
0.077237
0.075417
0.081528
0.078430
0.080145
0.082457
0.082953
0.080172
0.078070
0.083173
0.077948
0.091505
0.080768
0.076194
0.078948
0.078362
0.078845
0.077365
0.081327
0.079384
0.089770
0.081499
0.079716
0.077694
0.085622
0.080826
0.086599
0.079676
0.082797
0.078964
0.084968
0.079115
0.074809
0.084588
0.081613
0.081018
0.080030
0.088547
0.078389
0.077830
0.078350
0.089080
0.086625
0.082131
0.077997
0.080210
0.078876
0.087347
0.080044
0.078215
0.086976
0.077920
0.086929
0.090893
0.091012
0.082797
0.092196
0.081017
0.087579
0.079934
0.078381
0.089100
