0.012828
0.007990
0.008095
0.019581
0.012860
0.012843
0.008132
0.008101
0.018931
0.017134
0.012836
0.012850
0.007993
0.017601
0.010600
0.009541
0.009570
0.008572
0.017973
0.007993
0.007992
0.009220
0.008995
0.008008
0.017043
0.007982
0.007986
0.008053
0.008127
0.015907
0.008006
0.007990
0.014653
0.013318
0.013713
0.009218
0.012391
0.012857
0.008020
0.016306
0.012864
0.013860
0.012880
0.012846
0.008052
0.009216
0.013332
0.011595
0.013893
0.012411
0.017100
0.015027
0.011262
0.013320
0.007994
0.008067
0.007997
0.007999
0.017973
0.009459
0.017199
0.012832
0.012910
0.009220
0.011987
0.012871
0.021635
0.017159
0.007988
0.008048
0.008575
0.008576
0.008558
0.008640
0.008006
0.019066
0.013323
0.008102
0.018838
0.013831
0.012860
0.011014
0.008296
0.008566
0.008565
0.014022
0.008011
0.019597
0.011459
0.013328
0.014921
0.014832
0.009206
0.015323
0.010004
0.007997
0.007997
0.010004
0.014384
0.011256
