0.809271
0.808542
0.797905
0.799518
0.816097
0.815448
0.821597
0.834852
0.805666
0.799496
0.798084
0.817673
0.823807
0.815578
0.805684
0.812724
0.806759
0.813215
0.823630
0.827600
0.802835
0.834514
0.805132
0.804064
0.804550
0.816417
0.818192
0.809485
0.820267
0.813280
0.798413
0.810073
0.802393
0.799606
0.797940
0.798942
0.822171
0.820347
0.798513
0.798595
0.815144
0.810799
0.815673
0.797741
0.823568
0.810859
0.816015
0.806423
0.797990
0.815056
0.820634
0.805124
0.810042
0.798922
0.807126
0.821608
0.830499
0.810050
0.798579
0.809786
0.831160
0.807745
0.801454
0.799100
0.797800
0.804295
0.817792
0.807339
0.797872
0.799245
0.822949
0.811124
0.812095
0.798739
0.827436
0.809818
0.810834
0.798493
0.800869
0.823651
0.820424
0.813888
0.811901
0.797828
0.804472
0.812199
0.818302
0.819471
0.800185
0.799757
0.817944
0.816909
0.808975
0.799139
0.816753
0.798222
0.800550
0.797947
0.803638
0.803017
