0.012855
0.012677
0.015655
0.013024
0.018763
0.016959
0.012270
0.010927
0.009256
0.012013
0.008060
0.008011
0.008023
0.018460
0.015059
0.012578
0.010153
0.009029
0.016934
0.012911
0.008565
0.008619
0.008598
0.010002
0.010021
0.010041
0.010022
0.014416
0.009248
0.009254
0.017611
0.011619
0.013866
0.016212
0.011283
0.012883
0.012898
0.012871
0.010023
0.013352
0.012898
0.008582
0.008576
0.008646
0.008611
0.010913
0.014410
0.012874
0.008011
0.008008
0.009272
0.009255
0.009361
0.009242
0.009237
0.012870
0.010024
0.009240
0.017714
0.012022
0.012071
0.016040
0.010915
0.015002
0.012584
0.009010
0.014437
0.012428
0.012586
0.008592
0.009330
0.008633
0.014948
0.012671
0.017404
0.016480
0.011259
0.008008
0.019923
0.013887
0.012892
0.012800
0.017505
0.014399
0.012876
0.012862
0.008074
0.008155
0.008021
0.017873
0.019016
0.009273
0.009241
0.015028
0.008131
0.012885
0.012833
0.009016
0.011643
0.011634
