0.001259
0.002780
0.002076
0.002069
0.001720
0.001727
0.001588
0.001090
0.001439
0.001426
0.002141
0.001148
0.001187
0.001160
0.001503
0.001520
0.000949
0.000936
0.001735
0.001007
0.000931
0.001679
0.001525
0.001295
0.001741
0.001346
0.001293
0.000921
0.000928
0.000924
0.000923
0.002184
0.002184
0.001739
0.001301
0.001344
0.001342
0.000967
0.001164
0.001290
0.001531
0.001391
0.000963
0.001531
0.001300
0.001338
0.001293
0.001427
0.001294
0.000949
0.000946
0.000921
0.001007
0.001467
0.001476
0.001474
0.001653
0.001653
0.001379
0.001567
0.002597
0.000919
0.000928
0.001016
0.000986
0.001016
0.001013
0.001000
0.001015
0.001013
0.001014
0.001019
0.001003
0.001725
0.001720
0.001492
0.001485
0.000946
0.000946
0.000952
0.000952
0.001019
0.001426
0.001506
0.001476
0.000921
0.000987
0.000988
0.001014
0.001001
0.001723
0.001771
0.001150
0.001184
0.001150
0.000929
0.000931
0.000929
0.001484
0.001507
