11660.000000
12020.000000
11704.000000
11852.000000
11916.000000
12164.000000
11860.000000
12144.000000
11840.000000
12100.000000
12212.000000
11784.000000
12108.000000
12084.000000
12036.000000
11684.000000
11920.000000
12100.000000
12188.000000
12156.000000
12164.000000
11992.000000
11820.000000
11784.000000
11744.000000
11740.000000
11848.000000
12148.000000
12032.000000
11768.000000
12120.000000
12060.000000
12128.000000
12172.000000
11840.000000
12028.000000
11956.000000
12176.000000
12244.000000
11948.000000
11760.000000
12180.000000
11796.000000
11860.000000
11768.000000
12172.000000
11840.000000
12156.000000
11780.000000
11816.000000
11864.000000
11632.000000
11844.000000
11848.000000
11876.000000
11828.000000
11784.000000
11736.000000
11880.000000
12220.000000
12136.000000
11876.000000
11652.000000
12176.000000
11808.000000
12012.000000
11780.000000
11780.000000
11832.000000
12096.000000
12096.000000
11888.000000
11856.000000
12168.000000
11844.000000
12172.000000
11848.000000
12088.000000
11840.000000
12100.000000
11648.000000
12180.000000
11716.000000
11700.000000
12016.000000
11592.000000
12128.000000
12132.000000
11956.000000
12016.000000
11996.000000
11792.000000
12048.000000
11824.000000
11820.000000
11820.000000
11788.000000
11712.000000
12064.000000
11836.000000
