58772.000000
58748.000000
58868.000000
59164.000000
58772.000000
59008.000000
59184.000000
58776.000000
59168.000000
59180.000000
58972.000000
58976.000000
58784.000000
58948.000000
59132.000000
58944.000000
59192.000000
59096.000000
59132.000000
58976.000000
58972.000000
58996.000000
59040.000000
59212.000000
58984.000000
58916.000000
58844.000000
59200.000000
58964.000000
58704.000000
59116.000000
58840.000000
59104.000000
58900.000000
58864.000000
58988.000000
58956.000000
59028.000000
59052.000000
58996.000000
59172.000000
59004.000000
58964.000000
59004.000000
59208.000000
59096.000000
59120.000000
58760.000000
58968.000000
58956.000000
58924.000000
59024.000000
58968.000000
58912.000000
59216.000000
58808.000000
58972.000000
58896.000000
59032.000000
58996.000000
58836.000000
58808.000000
59112.000000
58696.000000
58896.000000
58700.000000
58964.000000
58900.000000
58820.000000
59020.000000
58860.000000
58804.000000
59084.000000
58812.000000
59036.000000
58988.000000
58840.000000
58940.000000
59024.000000
59208.000000
59120.000000
58928.000000
58988.000000
58940.000000
59032.000000
58964.000000
58888.000000
58792.000000
59192.000000
58896.000000
59180.000000
59140.000000
58828.000000
59028.000000
58724.000000
58896.000000
58780.000000
58972.000000
59036.000000
59028.000000
