30892.000000
30904.000000
31392.000000
30976.000000
30932.000000
31432.000000
31080.000000
31316.000000
30972.000000
30972.000000
30972.000000
31324.000000
31044.000000
31212.000000
30980.000000
31048.000000
31300.000000
31192.000000
30940.000000
31248.000000
30960.000000
31040.000000
31404.000000
31176.000000
31124.000000
30940.000000
30968.000000
31280.000000
31320.000000
31044.000000
31372.000000
30952.000000
30972.000000
31416.000000
31012.000000
31232.000000
30940.000000
30924.000000
30980.000000
30944.000000
31016.000000
31444.000000
31316.000000
31384.000000
31372.000000
31204.000000
31148.000000
31148.000000
31004.000000
31132.000000
31436.000000
31292.000000
31116.000000
30980.000000
30672.000000
30728.000000
31008.000000
30776.000000
31272.000000
31328.000000
31048.000000
31392.000000
31036.000000
30960.000000
31208.000000
31320.000000
31056.000000
30856.000000
30972.000000
30844.000000
31428.000000
30920.000000
31340.000000
31040.000000
31428.000000
31008.000000
31056.000000
31060.000000
31324.000000
31204.000000
30772.000000
31032.000000
31124.000000
31228.000000
30792.000000
31268.000000
31240.000000
31292.000000
30984.000000
30884.000000
31064.000000
31404.000000
31088.000000
30688.000000
30924.000000
31008.000000
31012.000000
31324.000000
31072.000000
31156.000000
