11872.000000
12172.000000
11632.000000
12180.000000
11968.000000
11740.000000
11836.000000
12056.000000
11980.000000
11824.000000
12184.000000
11828.000000
12168.000000
11852.000000
11700.000000
11816.000000
11816.000000
12108.000000
12080.000000
11820.000000
11892.000000
11860.000000
12164.000000
11668.000000
11656.000000
12236.000000
11840.000000
12088.000000
11892.000000
11772.000000
11816.000000
11756.000000
11720.000000
11976.000000
12160.000000
12168.000000
11956.000000
11736.000000
12048.000000
12004.000000
11908.000000
11784.000000
12024.000000
11756.000000
12104.000000
12052.000000
11724.000000
12020.000000
11944.000000
12112.000000
12076.000000
11896.000000
11936.000000
11620.000000
11800.000000
11816.000000
11988.000000
11848.000000
11648.000000
12132.000000
12132.000000
12064.000000
11812.000000
11776.000000
12072.000000
12140.000000
11792.000000
11860.000000
11832.000000
12048.000000
12180.000000
12128.000000
11908.000000
12084.000000
11712.000000
11736.000000
11860.000000
11824.000000
12080.000000
12080.000000
12072.000000
11920.000000
11940.000000
12128.000000
11840.000000
11964.000000
12072.000000
11896.000000
12120.000000
11776.000000
12176.000000
12188.000000
11776.000000
11868.000000
12052.000000
11588.000000
11752.000000
12056.000000
11860.000000
11812.000000
