15260.000000
15264.000000
14972.000000
15428.000000
15256.000000
15032.000000
15216.000000
15600.000000
15292.000000
15248.000000
15456.000000
15136.000000
15188.000000
15400.000000
15120.000000
15116.000000
15440.000000
15132.000000
15024.000000
15016.000000
15408.000000
15148.000000
15084.000000
15336.000000
15124.000000
15140.000000
15528.000000
15136.000000
15088.000000
15372.000000
15388.000000
15124.000000
15520.000000
15344.000000
15328.000000
15600.000000
15180.000000
15116.000000
15156.000000
15348.000000
15444.000000
15064.000000
15484.000000
15556.000000
15192.000000
15256.000000
15576.000000
15056.000000
15172.000000
15120.000000
15412.000000
15044.000000
15316.000000
15460.000000
15084.000000
14992.000000
15092.000000
15040.000000
15448.000000
15492.000000
14984.000000
15420.000000
15388.000000
15404.000000
15160.000000
15144.000000
15172.000000
15392.000000
15304.000000
15212.000000
15404.000000
15524.000000
15532.000000
15112.000000
15416.000000
15128.000000
15356.000000
15208.000000
15464.000000
15576.000000
15036.000000
15252.000000
15504.000000
15008.000000
15220.000000
15068.000000
15564.000000
15328.000000
15312.000000
15388.000000
15504.000000
15076.000000
15048.000000
15196.000000
15188.000000
15120.000000
15392.000000
15152.000000
15180.000000
15232.000000
