11528.000000
11580.000000
11692.000000
11516.000000
11704.000000
11692.000000
11728.000000
11344.000000
11480.000000
11480.000000
11732.000000
11600.000000
11768.000000
11616.000000
11584.000000
11672.000000
11512.000000
11540.000000
11924.000000
11648.000000
11560.000000
11680.000000
11404.000000
11800.000000
11428.000000
11764.000000
11484.000000
11780.000000
11564.000000
11784.000000
11788.000000
11992.000000
11776.000000
11444.000000
11672.000000
11408.000000
11564.000000
11616.000000
11520.000000
11460.000000
11740.000000
11484.000000
11636.000000
11604.000000
11724.000000
11444.000000
11876.000000
11512.000000
11720.000000
11400.000000
11784.000000
11436.000000
11488.000000
11812.000000
11620.000000
11432.000000
11760.000000
11512.000000
11616.000000
11576.000000
11396.000000
11732.000000
11752.000000
11556.000000
11616.000000
11700.000000
11424.000000
11748.000000
11656.000000
11700.000000
11572.000000
11788.000000
11600.000000
11440.000000
11796.000000
11648.000000
11712.000000
11456.000000
11480.000000
11324.000000
11568.000000
11356.000000
11596.000000
11508.000000
11688.000000
11412.000000
11936.000000
11568.000000
11732.000000
11704.000000
11520.000000
11784.000000
11516.000000
11704.000000
11776.000000
11560.000000
11340.000000
11796.000000
11804.000000
11700.000000
