30736.000000
31092.000000
30880.000000
31004.000000
30768.000000
30672.000000
30944.000000
30584.000000
30916.000000
31092.000000
30640.000000
31032.000000
30796.000000
30796.000000
30660.000000
30704.000000
30716.000000
30672.000000
30932.000000
30760.000000
30932.000000
30984.000000
30676.000000
30740.000000
30660.000000
31124.000000
30920.000000
30932.000000
30668.000000
30756.000000
30952.000000
31084.000000
30964.000000
30636.000000
30756.000000
30572.000000
30632.000000
30776.000000
30788.000000
30624.000000
30788.000000
30760.000000
30660.000000
31108.000000
30660.000000
30768.000000
30544.000000
31152.000000
30908.000000
31176.000000
30916.000000
30632.000000
30876.000000
30724.000000
30900.000000
30672.000000
30508.000000
30628.000000
31104.000000
30712.000000
30564.000000
30692.000000
31152.000000
31108.000000
30900.000000
30968.000000
31104.000000
30660.000000
30804.000000
30788.000000
31076.000000
30964.000000
30916.000000
30936.000000
30796.000000
30860.000000
30708.000000
31040.000000
30592.000000
31112.000000
30596.000000
30996.000000
30756.000000
31112.000000
31012.000000
30624.000000
31120.000000
30600.000000
30780.000000
30988.000000
30636.000000
30940.000000
30900.000000
30680.000000
30664.000000
30728.000000
30928.000000
30768.000000
30680.000000
30696.000000
