15360.000000
15736.000000
15656.000000
15308.000000
15536.000000
15588.000000
15796.000000
15616.000000
15520.000000
15388.000000
15452.000000
15400.000000
15496.000000
15576.000000
15304.000000
15816.000000
15860.000000
15552.000000
15256.000000
15440.000000
15216.000000
15488.000000
15424.000000
15452.000000
15544.000000
15444.000000
15424.000000
15688.000000
15408.000000
15804.000000
15816.000000
15408.000000
15360.000000
15668.000000
15316.000000
15460.000000
15396.000000
15688.000000
15420.000000
15408.000000
15764.000000
15488.000000
15672.000000
15344.000000
15396.000000
15628.000000
15516.000000
15452.000000
15300.000000
15448.000000
15492.000000
15364.000000
15480.000000
15756.000000
15500.000000
15388.000000
15400.000000
15404.000000
15360.000000
15192.000000
15444.000000
15480.000000
15344.000000
15800.000000
15732.000000
15488.000000
15412.000000
15220.000000
15712.000000
15748.000000
15512.000000
15500.000000
15368.000000
15688.000000
15412.000000
15580.000000
15420.000000
15760.000000
15452.000000
15548.000000
15756.000000
15720.000000
15752.000000
15636.000000
15148.000000
15604.000000
15436.000000
15372.000000
15716.000000
15368.000000
15228.000000
15304.000000
15336.000000
15324.000000
15344.000000
15176.000000
15544.000000
15344.000000
15816.000000
15728.000000
