11264.000000
11220.000000
11332.000000
11584.000000
11832.000000
11496.000000
11736.000000
11868.000000
11716.000000
11604.000000
11892.000000
11688.000000
11880.000000
11432.000000
11576.000000
11524.000000
11496.000000
11688.000000
11896.000000
11544.000000
11788.000000
11828.000000
11780.000000
11584.000000
11520.000000
11560.000000
11736.000000
11784.000000
11712.000000
11684.000000
11776.000000
11584.000000
11732.000000
11708.000000
11668.000000
11432.000000
11428.000000
11448.000000
11548.000000
11740.000000
11580.000000
11428.000000
11632.000000
11676.000000
11776.000000
11600.000000
11424.000000
11780.000000
11856.000000
11892.000000
11828.000000
11680.000000
11764.000000
11540.000000
11492.000000
11900.000000
11588.000000
11604.000000
11672.000000
11692.000000
11844.000000
11716.000000
11664.000000
11600.000000
11580.000000
11888.000000
11684.000000
11720.000000
11684.000000
11848.000000
11656.000000
11712.000000
11652.000000
11464.000000
11596.000000
11544.000000
11464.000000
11628.000000
11656.000000
11536.000000
11396.000000
11788.000000
11392.000000
11784.000000
11860.000000
11528.000000
11872.000000
11548.000000
11716.000000
11868.000000
11744.000000
11780.000000
11592.000000
11568.000000
11596.000000
11604.000000
11812.000000
11624.000000
11708.000000
11364.000000
