12140.000000
11996.000000
12000.000000
11644.000000
12084.000000
11648.000000
11632.000000
12160.000000
11972.000000
11776.000000
11796.000000
11756.000000
11780.000000
12100.000000
11672.000000
12128.000000
11800.000000
11720.000000
11924.000000
11860.000000
11796.000000
11788.000000
11596.000000
12048.000000
11788.000000
11808.000000
11768.000000
11784.000000
11808.000000
11736.000000
11996.000000
12032.000000
11844.000000
11836.000000
12180.000000
11812.000000
12092.000000
11904.000000
12112.000000
11772.000000
11848.000000
12112.000000
12172.000000
11648.000000
12064.000000
11880.000000
11792.000000
11780.000000
11844.000000
11856.000000
11820.000000
11748.000000
12188.000000
11768.000000
11760.000000
11604.000000
12104.000000
11896.000000
12080.000000
11808.000000
11792.000000
11888.000000
11848.000000
12096.000000
11764.000000
11848.000000
12192.000000
11984.000000
11700.000000
12164.000000
12180.000000
11812.000000
11760.000000
11852.000000
11760.000000
11852.000000
11708.000000
12180.000000
11824.000000
11896.000000
12128.000000
11788.000000
12068.000000
12036.000000
11852.000000
11920.000000
11704.000000
11764.000000
11932.000000
11712.000000
11852.000000
11996.000000
11828.000000
12040.000000
11948.000000
12068.000000
11832.000000
11768.000000
11828.000000
12080.000000
