11940.000000
11856.000000
11860.000000
11976.000000
11956.000000
12052.000000
12092.000000
12172.000000
11924.000000
11836.000000
12068.000000
11768.000000
11892.000000
11832.000000
11636.000000
11844.000000
12036.000000
12000.000000
11760.000000
11812.000000
11652.000000
11980.000000
11852.000000
12044.000000
12064.000000
12144.000000
12084.000000
11884.000000
11804.000000
12144.000000
12104.000000
12036.000000
11924.000000
11756.000000
11828.000000
12184.000000
12000.000000
11928.000000
12108.000000
11872.000000
11780.000000
11844.000000
12076.000000
12072.000000
11936.000000
11868.000000
11556.000000
11828.000000
11704.000000
12032.000000
12044.000000
11948.000000
11988.000000
12020.000000
11784.000000
12100.000000
11848.000000
12012.000000
11860.000000
11880.000000
11728.000000
11716.000000
11784.000000
11792.000000
11752.000000
12056.000000
12208.000000
11540.000000
11780.000000
12184.000000
12132.000000
11788.000000
11968.000000
11768.000000
11740.000000
11776.000000
12256.000000
11996.000000
11844.000000
11568.000000
11956.000000
11924.000000
11716.000000
12060.000000
11768.000000
11980.000000
11660.000000
11812.000000
12160.000000
11744.000000
12036.000000
11960.000000
12136.000000
11784.000000
11696.000000
11964.000000
11792.000000
11592.000000
11652.000000
11872.000000
