11896.000000
11432.000000
11736.000000
11716.000000
11760.000000
11780.000000
11840.000000
11476.000000
11628.000000
11612.000000
11752.000000
11644.000000
11724.000000
11536.000000
11720.000000
11580.000000
11716.000000
11484.000000
11504.000000
11456.000000
11620.000000
11868.000000
11724.000000
11596.000000
11496.000000
11564.000000
11764.000000
11692.000000
11636.000000
11600.000000
11616.000000
11868.000000
11516.000000
11412.000000
11696.000000
11732.000000
11776.000000
11528.000000
11580.000000
11616.000000
11776.000000
11692.000000
11512.000000
11408.000000
11756.000000
11556.000000
11800.000000
11860.000000
11720.000000
11552.000000
11408.000000
11704.000000
11528.000000
11584.000000
11756.000000
11580.000000
11724.000000
12012.000000
11772.000000
11760.000000
11488.000000
11616.000000
11744.000000
11448.000000
11556.000000
11940.000000
11620.000000
11600.000000
11616.000000
11652.000000
11524.000000
11736.000000
11488.000000
11488.000000
11476.000000
11664.000000
11680.000000
11784.000000
11416.000000
11520.000000
11760.000000
11644.000000
11484.000000
11528.000000
11808.000000
11580.000000
11836.000000
11780.000000
11716.000000
11632.000000
11668.000000
11760.000000
11764.000000
11516.000000
11720.000000
11640.000000
11476.000000
11700.000000
11780.000000
11872.000000
