11696.000000
11612.000000
11752.000000
11492.000000
11780.000000
11564.000000
11616.000000
11576.000000
11728.000000
11528.000000
11772.000000
11544.000000
11760.000000
11556.000000
11600.000000
11560.000000
11528.000000
11776.000000
11580.000000
11488.000000
11568.000000
11776.000000
11608.000000
11656.000000
11644.000000
11692.000000
11552.000000
11792.000000
11724.000000
11584.000000
11484.000000
11728.000000
11696.000000
11488.000000
11536.000000
11724.000000
11460.000000
11584.000000
11580.000000
11712.000000
11620.000000
11560.000000
11764.000000
11484.000000
11568.000000
11608.000000
11780.000000
11632.000000
11748.000000
11780.000000
11780.000000
11732.000000
11780.000000
11912.000000
11796.000000
11824.000000
11876.000000
11712.000000
11576.000000
11784.000000
11564.000000
11692.000000
11556.000000
11748.000000
11704.000000
11568.000000
11672.000000
11684.000000
11388.000000
11540.000000
11496.000000
11416.000000
11392.000000
11652.000000
11896.000000
11912.000000
11632.000000
11560.000000
11692.000000
11768.000000
11720.000000
11684.000000
11756.000000
11440.000000
11564.000000
11564.000000
11424.000000
11660.000000
11692.000000
11656.000000
11680.000000
11520.000000
11412.000000
11600.000000
11780.000000
11512.000000
11512.000000
11416.000000
11392.000000
11516.000000
