0.047621
0.047623
0.047665
0.048678
0.026879
0.026885
0.026961
0.028374
0.026854
0.026856
0.028313
0.026883
0.032733
0.032721
0.032816
0.034333
0.026679
0.026680
0.026683
0.027851
0.043457
0.043461
0.043481
0.044494
0.026738
0.026726
0.026725
0.028063
0.048501
0.048507
0.049612
0.048620
0.026392
0.026397
0.026409
0.027482
0.035744
0.035752
0.047143
0.048170
0.026647
0.027719
0.026660
0.026667
0.046489
0.046491
0.046520
0.047541
0.048075
0.046931
0.047033
0.047030
0.047925
0.046773
0.046806
0.046810
0.035701
0.035704
0.048384
0.047341
0.041704
0.040484
0.040728
0.040722
0.045677
0.045682
0.045766
0.046868
0.026316
0.026325
0.026348
0.027655
0.034493
0.036545
0.034918
0.034931
0.037631
0.037631
0.037845
0.038842
0.026483
0.026497
0.026519
0.027591
0.035666
0.035668
0.046014
0.047071
0.046513
0.046515
0.046564
0.047571
0.027536
0.027536
0.027540
0.028630
0.026722
0.026727
0.028324
0.027270
