0.000875
0.000879
0.000920
0.000979
0.000869
0.000868
0.001023
0.000958
0.000854
0.000859
0.000850
0.000927
0.000856
0.000913
0.000850
0.000855
0.000736
0.000669
0.000844
0.000841
0.000909
0.000904
0.001159
0.001232
0.000663
0.000727
0.000830
0.000834
0.000788
0.000791
0.000794
0.000855
0.000865
0.000867
0.000938
0.000876
0.000856
0.000858
0.000942
0.000867
0.000510
0.000512
0.000513
0.000572
0.000852
0.000850
0.000860
0.000915
0.000904
0.001045
0.000897
0.000907
0.000933
0.000934
0.000932
0.000996
0.000695
0.000700
0.000913
0.000856
0.000882
0.000877
0.000882
0.000954
0.000939
0.000935
0.000992
0.000944
0.000695
0.000695
0.000885
0.000938
0.000848
0.000845
0.000848
0.000911
0.000503
0.000506
0.000568
0.000508
0.001624
0.001627
0.001658
0.001781
0.000542
0.000539
0.000598
0.000543
0.000507
0.000499
0.000501
0.000566
0.000662
0.000729
0.000833
0.000834
0.001001
0.001006
0.001381
0.001292
