0.242678
0.238193
0.238312
0.238321
0.270865
0.264792
0.267063
0.267076
0.225162
0.225165
0.225609
0.229475
0.221410
0.217478
0.217755
0.217746
0.256943
0.256952
0.269599
0.273608
0.266815
0.270563
0.267582
0.267595
0.216535
0.216543
0.221816
0.225740
0.226513
0.230181
0.226744
0.226735
0.213757
0.213765
0.216703
0.220605
0.298327
0.294071
0.332013
0.332023
0.384896
0.388532
0.385269
0.385266
0.289700
0.293225
0.293546
0.293555
0.219927
0.219934
0.223831
0.228072
0.350351
0.350360
0.358138
0.354475
0.227213
0.227222
0.232014
0.228129
0.223429
0.223442
0.230987
0.226742
0.231330
0.231339
0.236267
0.240147
0.252601
0.252616
0.260525
0.256304
0.234057
0.230352
0.234228
0.234236
0.212669
0.212680
0.214641
0.218396
0.226995
0.227038
0.227049
0.230925
0.281839
0.281835
0.285466
0.289299
0.296014
0.296023
0.299925
0.304231
0.264216
0.264222
0.266731
0.270755
0.244834
0.244847
0.245409
0.249334
