0.019843
0.020612
0.019846
0.019848
0.037302
0.038036
0.037321
0.037319
0.038673
0.037844
0.037856
0.037849
0.037461
0.037458
0.037476
0.038297
0.037314
0.037316
0.037318
0.038126
0.019775
0.019780
0.019799
0.020537
0.029625
0.028808
0.037630
0.037631
0.030271
0.030268
0.030280
0.032327
0.037322
0.037310
0.038154
0.037316
0.028831
0.028836
0.037639
0.038377
0.030884
0.031642
0.030979
0.030983
0.028548
0.028545
0.038156
0.037416
0.029407
0.030231
0.038284
0.038282
0.020667
0.019930
0.019941
0.019936
0.037301
0.037297
0.037306
0.038145
0.028637
0.028642
0.038196
0.037459
0.019975
0.020704
0.019985
0.019988
0.038552
0.037743
0.037770
0.037774
0.037384
0.037381
0.038267
0.037401
0.028937
0.028942
0.029822
0.028995
0.037497
0.037491
0.038355
0.037511
0.037674
0.038519
0.037679
0.037670
0.038013
0.038007
0.038014
0.038830
0.037631
0.037635
0.037683
0.038541
0.029236
0.030054
0.032457
0.032457
