189.931492
177.249213
176.216747
178.259581
189.955832
183.090440
189.090252
189.487594
191.384633
186.816016
198.576799
200.237174
193.791564
193.595897
174.028396
185.470139
187.050330
184.739198
184.985730
180.950952
186.896021
182.542161
187.255124
178.395115
178.273002
179.551824
178.781829
175.607287
169.161099
154.028699
163.527764
163.035025
162.970030
164.116753
165.136314
162.723581
164.340522
158.824552
163.645839
165.515741
170.923839
169.627430
168.522095
162.454943
167.523242
167.446452
167.626890
167.187750
166.341535
166.730510
168.898737
166.901410
166.947018
166.916437
167.418463
165.798612
168.352811
187.158161
183.919795
177.914001
183.416612
181.278496
181.662734
184.651753
182.354023
188.095003
178.989017
176.236829
179.068799
178.606867
180.786719
180.774939
181.852119
178.165183
177.340255
180.346157
184.333938
174.633310
184.153858
184.866550
186.130407
185.428967
156.746504
184.379813
185.118486
182.003078
177.947549
182.572500
183.965999
183.647124
184.973370
186.575656
183.057814
169.652949
185.363293
184.331159
182.644206
165.527319
184.676860
184.692240
