8.748083
7.953082
8.029583
8.883451
7.158425
8.732374
8.020980
8.217407
9.297000
8.034406
7.746388
7.974843
8.310972
8.038241
7.315324
7.767034
7.242570
7.181300
8.399886
8.182353
7.197358
8.420856
7.211524
8.569587
7.876836
8.419007
9.114956
8.069710
9.542532
7.268285
7.222820
7.211070
8.653784
8.174625
7.947353
7.822352
7.240108
7.795520
7.269729
7.254440
7.244081
7.808792
7.429509
9.057190
7.306387
9.233417
7.297015
7.304403
7.940139
8.262128
8.008233
7.310991
7.965989
9.164440
8.295441
8.087830
7.250655
7.964525
8.132299
7.218752
8.143152
8.372813
8.570974
7.901098
7.910751
8.061194
8.137690
7.755339
8.635959
8.123367
7.664787
8.430705
7.211620
7.373357
7.270251
8.175165
8.265563
8.800199
8.814276
8.579851
8.112000
7.981865
7.737562
7.246841
7.316574
7.191952
7.213742
7.245161
8.112795
8.005836
8.077067
7.905146
7.363985
7.250365
7.767135
7.299577
8.132730
8.345291
7.844808
7.793717
