41.993769
41.949107
42.577065
42.577087
40.747840
40.747857
41.892445
41.848430
42.576873
42.576890
42.864038
42.906704
42.433239
42.476742
42.898766
42.898753
40.282349
40.239786
41.740275
41.740295
40.947663
40.947645
41.577546
41.625226
42.619869
42.619884
43.146112
43.102770
41.430885
41.430863
42.072140
42.114707
42.213700
42.171120
43.091324
43.091334
41.464484
41.464508
42.502742
42.546607
40.243752
40.243737
41.008628
41.051282
39.985405
39.985384
40.898402
40.855742
42.495509
42.452931
42.700211
42.700232
43.896841
43.939416
43.911779
43.911797
47.104887
47.051525
47.503364
47.503392
40.289497
40.231599
41.831879
41.831897
41.467225
41.467256
41.707680
41.650921
39.430288
39.374322
39.669771
39.669796
41.224618
41.285593
42.102958
42.102972
40.409649
40.409634
41.589687
41.648159
42.518772
42.518802
42.598028
42.654354
38.831462
38.831483
39.588137
39.653973
41.056590
41.115315
41.110684
41.110703
37.364189
37.364210
38.483729
38.542835
42.930780
42.930747
43.490898
43.548259
