0.703421
0.683227
0.679522
0.693758
0.689871
0.679824
0.709756
0.698368
0.705217
0.697969
0.698923
0.679973
0.711252
0.691415
0.691869
0.679997
0.694678
0.698389
0.679526
0.709778
0.702828
0.685822
0.700080
0.685318
0.679682
0.681398
0.684031
0.680799
0.693017
0.698765
0.698097
0.704177
0.680424
0.679305
0.708884
0.710399
0.698677
0.682040
0.710273
0.698134
0.680841
0.695355
0.691322
0.690742
0.696232
0.693051
0.698824
0.691480
0.679375
0.702069
0.690198
0.698890
0.683785
0.680398
0.698452
0.699247
0.698315
0.681366
0.701894
0.683895
0.701919
0.690078
0.691453
0.680046
0.705463
0.704838
0.688819
0.710262
0.705341
0.691136
0.701299
0.687458
0.687651
0.705291
0.717499
0.698593
0.709875
0.695187
0.682889
0.681969
0.699928
0.682661
0.698949
0.698272
0.708811
0.697085
0.698020
0.691296
0.680322
0.680176
0.701023
0.688945
0.680057
0.698344
0.699832
0.707098
0.705733
0.679980
0.680662
0.691398
