0.159483
0.159488
0.161639
0.164335
0.171177
0.171178
0.174448
0.171183
0.277185
0.277195
0.280289
0.277235
0.307226
0.307235
0.310383
0.307249
0.160612
0.157909
0.158135
0.158129
0.158078
0.158074
0.160922
0.158247
0.181697
0.178364
0.181599
0.181605
0.230541
0.230547
0.246162
0.248858
0.234034
0.237080
0.289859
0.289866
0.202476
0.202487
0.208025
0.205304
0.163020
0.166134
0.163698
0.163690
0.203274
0.203278
0.204187
0.206904
0.253705
0.250776
0.251105
0.251116
0.160654
0.157939
0.158193
0.158187
0.174131
0.174141
0.174833
0.177958
0.160870
0.158125
0.158189
0.158198
0.252637
0.249938
0.251059
0.251065
0.207787
0.207790
0.210468
0.207780
0.199083
0.199090
0.201518
0.204578
0.194245
0.191517
0.193167
0.193170
0.235178
0.235182
0.241843
0.244720
0.211253
0.211262
0.211272
0.214394
0.162975
0.165662
0.165581
0.165572
0.204456
0.207184
0.204455
0.204447
0.205145
0.202436
0.202578
0.202582
