1.653497
1.653507
1.664966
1.654778
3.744885
3.755185
3.758204
3.758208
2.449817
2.459977
2.449795
2.449804
2.282903
2.282896
2.293239
2.283084
2.206550
2.216677
2.216428
2.216438
2.222454
2.232634
2.228315
2.228324
2.245125
2.245135
2.257813
2.247661
2.350647
2.340505
2.342206
2.342219
2.245589
2.245578
2.257622
2.267798
2.257194
2.267309
2.257328
2.257342
2.362088
2.362081
2.362428
2.372647
2.295309
2.281713
2.286719
2.286728
2.270704
2.280937
2.273433
2.273434
2.457092
2.457102
2.463713
2.475535
2.286913
2.276750
2.281811
2.281818
2.288494
2.288490
2.288515
2.298771
2.292615
2.280941
2.280978
2.280992
2.267604
2.279490
2.343791
2.343799
2.361587
2.361598
2.385478
2.373829
2.256408
2.266551
2.256789
2.256788
2.272512
2.262382
2.265003
2.264999
2.312299
2.300492
2.306873
2.306880
2.270689
2.258709
2.265376
2.265378
2.382104
2.382113
2.395018
2.384876
2.378849
2.389199
2.378871
2.378852
