0.004441
0.004816
0.004419
0.004425
0.003544
0.003543
0.004670
0.004832
0.004951
0.005096
0.004952
0.004954
0.003551
0.003550
0.004816
0.004664
0.004605
0.004752
0.004601
0.004602
0.003854
0.003853
0.004000
0.003850
0.003547
0.003548
0.004648
0.004796
0.004741
0.004742
0.004916
0.004748
0.004655
0.004655
0.004667
0.004816
0.004467
0.004472
0.004470
0.004645
0.008261
0.008263
0.010483
0.010099
0.004630
0.005078
0.005690
0.005690
0.004819
0.004644
0.004642
0.004639
0.004027
0.004031
0.004452
0.004048
0.005147
0.005146
0.005161
0.005315
0.005374
0.005049
0.005227
0.005220
0.003554
0.003554
0.004814
0.004666
0.004865
0.004870
0.005057
0.005234
0.003536
0.003537
0.004645
0.004794
0.006051
0.006224
0.006047
0.006047
0.003559
0.003560
0.004635
0.004782
0.004650
0.004803
0.004650
0.004649
0.004637
0.004634
0.004642
0.004791
0.005671
0.005674
0.007203
0.006872
0.004881
0.005033
0.004879
0.004880
