0.000854
0.000768
0.000762
0.000763
0.000639
0.000640
0.000686
0.000642
0.000626
0.000667
0.000626
0.000624
0.000634
0.000632
0.000634
0.000678
0.000626
0.000667
0.000623
0.000625
0.001591
0.001583
0.001722
0.001602
0.000450
0.000452
0.000450
0.000494
0.000629
0.000681
0.000628
0.000633
0.001615
0.001500
0.001504
0.001502
0.001190
0.001182
0.001184
0.001284
0.000495
0.000496
0.000680
0.000640
0.000498
0.000496
0.000641
0.000681
0.000545
0.000497
0.000627
0.000626
0.000434
0.000386
0.000393
0.000397
0.001242
0.001362
0.001571
0.001573
0.000360
0.000361
0.000360
0.000404
0.000496
0.000497
0.000675
0.000635
0.000634
0.000631
0.000627
0.000682
0.000628
0.000631
0.000632
0.000681
0.000543
0.000500
0.000626
0.000625
0.000498
0.000545
0.000627
0.000628
0.000627
0.000628
0.000630
0.000672
0.000897
0.000900
0.000935
0.001041
0.000356
0.000357
0.000361
0.000403
0.000629
0.000627
0.000627
0.000676
