42.642015
42.585426
42.725721
42.725743
49.425537
49.482147
49.820600
49.820621
47.016700
47.073454
48.840212
48.840228
48.153107
48.096220
49.369337
49.369365
41.848000
41.848018
44.051116
44.106444
50.896454
50.953161
50.985576
50.985599
44.827086
44.827065
45.356800
45.292406
45.358680
45.358662
45.611522
45.554586
43.786073
43.725972
44.600709
44.600741
46.723054
46.723076
46.933799
46.829237
40.411584
40.411615
41.183944
41.252481
44.381963
44.438626
44.545429
44.545452
41.647353
41.704079
42.355094
42.355113
43.804728
43.861466
44.002637
44.002615
44.640145
44.583212
44.725479
44.725498
43.747619
43.747590
44.191922
44.130436
43.321016
43.264339
43.567777
43.567804
43.920077
43.920098
44.367110
44.309164
41.763335
41.819070
42.384767
42.384738
43.021590
43.021613
43.644423
43.701005
42.054809
42.054789
42.328776
42.384634
48.648709
48.648729
49.067333
49.004773
43.941917
43.998388
44.603968
44.603983
45.989509
45.989522
46.491239
46.546878
41.851680
41.851667
42.852099
42.795902
