0.004685
0.004924
0.006368
0.006370
0.005096
0.005331
0.006633
0.006633
0.004409
0.004640
0.006025
0.006028
0.006109
0.006102
0.006103
0.006342
0.004770
0.005008
0.006259
0.006259
0.004485
0.004721
0.005955
0.005955
0.004675
0.004677
0.006482
0.006285
0.004617
0.004861
0.006032
0.006033
0.006164
0.006160
0.006160
0.006363
0.006744
0.006740
0.006738
0.006985
0.004408
0.004407
0.006232
0.006024
0.004716
0.004719
0.006258
0.006539
0.005829
0.005588
0.007113
0.007113
0.004526
0.004528
0.006187
0.005993
0.004572
0.004820
0.006367
0.006370
0.005962
0.005966
0.005959
0.006211
0.006028
0.006024
0.006291
0.006022
0.005869
0.005867
0.005868
0.006078
0.005752
0.005474
0.005508
0.005509
0.004831
0.004840
0.006518
0.006329
0.006239
0.006249
0.006518
0.006246
0.005863
0.006096
0.005859
0.005859
0.004080
0.003804
0.003871
0.003873
0.005266
0.005610
0.006846
0.006846
0.005799
0.005798
0.005814
0.006061
