2.092462
2.092474
2.099108
2.113696
2.057672
2.072201
2.061572
2.061570
2.070594
2.085383
2.076905
2.076916
2.171859
2.188674
2.173371
2.173365
2.193760
2.193735
2.195826
2.211328
2.074698
2.074708
2.100279
2.084032
2.073726
2.073710
2.091481
2.075336
2.094492
2.094509
2.095658
2.112928
2.084031
2.084034
2.097613
2.111431
2.094402
2.078020
2.082005
2.082004
2.117377
2.117384
2.121798
2.136392
2.103286
2.103292
2.110531
2.125214
2.158490
2.142235
2.144223
2.144240
2.083040
2.083043
2.085204
2.102497
2.149254
2.163709
2.228468
2.228454
2.126191
2.141910
2.128040
2.128052
2.072231
2.072243
2.085865
2.100579
2.137738
2.152444
2.152021
2.152014
2.088220
2.088240
2.089494
2.107469
2.112590
2.126862
2.114999
2.115006
2.100956
2.100977
2.101472
2.119857
2.077376
2.077365
2.104251
2.087007
2.170181
2.186724
2.175582
2.175572
2.076291
2.076294
2.079086
2.093416
2.117108
2.134161
2.122580
2.122597
