19968.000000
19924.000000
19984.000000
19872.000000
19996.000000
19896.000000
20044.000000
20056.000000
19940.000000
19916.000000
19872.000000
19940.000000
19984.000000
19924.000000
19920.000000
19996.000000
19952.000000
19948.000000
20028.000000
20008.000000
19960.000000
20052.000000
19852.000000
20024.000000
20016.000000
19980.000000
20048.000000
19876.000000
20116.000000
20048.000000
19976.000000
19920.000000
20004.000000
19984.000000
19956.000000
19936.000000
19972.000000
20000.000000
20072.000000
19848.000000
20024.000000
19992.000000
20032.000000
20048.000000
19972.000000
20000.000000
20012.000000
19904.000000
19988.000000
19904.000000
19916.000000
19960.000000
20056.000000
19980.000000
19956.000000
20060.000000
19784.000000
19844.000000
19960.000000
19948.000000
19976.000000
19908.000000
19872.000000
19944.000000
19800.000000
19868.000000
19892.000000
20020.000000
20112.000000
19872.000000
19996.000000
19988.000000
20028.000000
20024.000000
20024.000000
19880.000000
19956.000000
19916.000000
20000.000000
20072.000000
20048.000000
19908.000000
19956.000000
19804.000000
19952.000000
19940.000000
19960.000000
19980.000000
20064.000000
19944.000000
19928.000000
19956.000000
19860.000000
19872.000000
20004.000000
19852.000000
19852.000000
19908.000000
19868.000000
20016.000000
