11728.000000
11428.000000
11496.000000
11760.000000
11604.000000
11720.000000
11632.000000
11812.000000
11792.000000
11772.000000
11792.000000
11660.000000
11732.000000
11668.000000
11604.000000
11768.000000
11812.000000
11804.000000
11812.000000
11796.000000
11588.000000
11784.000000
11612.000000
11640.000000
11608.000000
11648.000000
11732.000000
11456.000000
11688.000000
11844.000000
11576.000000
11836.000000
11752.000000
11656.000000
11792.000000
11808.000000
11804.000000
11512.000000
11700.000000
11628.000000
11800.000000
11832.000000
11680.000000
11800.000000
11792.000000
11620.000000
11576.000000
11792.000000
11484.000000
11812.000000
11856.000000
11756.000000
11696.000000
11760.000000
11720.000000
11740.000000
11600.000000
11756.000000
11648.000000
11760.000000
11840.000000
11464.000000
11724.000000
11672.000000
11808.000000
11688.000000
11620.000000
11660.000000
11812.000000
11692.000000
11640.000000
11824.000000
11764.000000
11644.000000
11676.000000
11824.000000
11644.000000
11672.000000
11784.000000
11796.000000
11812.000000
11836.000000
11616.000000
11776.000000
11648.000000
11732.000000
11748.000000
11600.000000
11708.000000
11768.000000
11812.000000
11816.000000
11496.000000
11616.000000
11664.000000
11808.000000
11652.000000
11704.000000
11784.000000
11712.000000
