20180.000000
20172.000000
20188.000000
20172.000000
20204.000000
20300.000000
20156.000000
20220.000000
20232.000000
20292.000000
20188.000000
20172.000000
20244.000000
19948.000000
20248.000000
20216.000000
20228.000000
20264.000000
20372.000000
20192.000000
20312.000000
20304.000000
20260.000000
20220.000000
20196.000000
20332.000000
20192.000000
20180.000000
20232.000000
20328.000000
20180.000000
20228.000000
20292.000000
20264.000000
20232.000000
20180.000000
20108.000000
20312.000000
20252.000000
20188.000000
20088.000000
20268.000000
20192.000000
20176.000000
20332.000000
20128.000000
20256.000000
20280.000000
20280.000000
20124.000000
20076.000000
20340.000000
19972.000000
20164.000000
20292.000000
20136.000000
20160.000000
20244.000000
20188.000000
20260.000000
20224.000000
20156.000000
20156.000000
20328.000000
20048.000000
20204.000000
20204.000000
20188.000000
20220.000000
20096.000000
20252.000000
20176.000000
20332.000000
20156.000000
20156.000000
20220.000000
20232.000000
19940.000000
20128.000000
20192.000000
19952.000000
20280.000000
20168.000000
20220.000000
20188.000000
20172.000000
20284.000000
20248.000000
20292.000000
20272.000000
20184.000000
20344.000000
20060.000000
20152.000000
20172.000000
20208.000000
20156.000000
20292.000000
20332.000000
20248.000000
