13904.000000
14004.000000
14016.000000
13908.000000
13872.000000
13920.000000
13960.000000
13896.000000
13792.000000
13852.000000
13880.000000
13872.000000
13948.000000
13976.000000
14004.000000
13992.000000
13924.000000
13992.000000
13916.000000
13804.000000
13952.000000
13716.000000
13880.000000
13760.000000
13828.000000
13880.000000
13888.000000
13984.000000
14008.000000
13776.000000
13864.000000
13792.000000
13724.000000
13848.000000
13852.000000
14004.000000
13812.000000
13800.000000
13892.000000
14004.000000
13884.000000
13888.000000
13844.000000
13792.000000
13852.000000
13816.000000
13844.000000
13900.000000
14004.000000
14012.000000
13896.000000
13912.000000
13856.000000
13884.000000
13844.000000
13888.000000
14000.000000
13976.000000
13924.000000
13896.000000
13968.000000
13800.000000
13900.000000
13784.000000
13856.000000
13864.000000
13912.000000
13884.000000
14004.000000
13988.000000
13780.000000
14000.000000
13788.000000
13796.000000
13944.000000
13800.000000
13796.000000
13932.000000
13712.000000
13876.000000
13800.000000
13960.000000
13820.000000
13924.000000
13956.000000
13912.000000
13808.000000
13780.000000
13956.000000
13816.000000
13852.000000
13836.000000
13880.000000
13992.000000
13932.000000
13792.000000
13672.000000
13808.000000
13836.000000
13880.000000
