12632.000000
12288.000000
12640.000000
12580.000000
12608.000000
12460.000000
12628.000000
12512.000000
12584.000000
12620.000000
12336.000000
12600.000000
12592.000000
12588.000000
12636.000000
12504.000000
12612.000000
12652.000000
12608.000000
12612.000000
12556.000000
12672.000000
12476.000000
12472.000000
12592.000000
12544.000000
12468.000000
12552.000000
12524.000000
12676.000000
12608.000000
12612.000000
12556.000000
12640.000000
12340.000000
12636.000000
12632.000000
12584.000000
12604.000000
12580.000000
12312.000000
12532.000000
12616.000000
12340.000000
12436.000000
12668.000000
12512.000000
12520.000000
12660.000000
12636.000000
12580.000000
12636.000000
12608.000000
12568.000000
12624.000000
12548.000000
12340.000000
12608.000000
12636.000000
12580.000000
12320.000000
12504.000000
12504.000000
12632.000000
12532.000000
12668.000000
12324.000000
12320.000000
12504.000000
12640.000000
12592.000000
12560.000000
12444.000000
12620.000000
12360.000000
12588.000000
12452.000000
12588.000000
12616.000000
12564.000000
12532.000000
12612.000000
12676.000000
12620.000000
12632.000000
12540.000000
12620.000000
12692.000000
12636.000000
12488.000000
12592.000000
12476.000000
12592.000000
12616.000000
12616.000000
12624.000000
12624.000000
12568.000000
12540.000000
12584.000000
