14212.000000
14208.000000
14172.000000
14220.000000
14144.000000
14164.000000
14120.000000
14196.000000
14244.000000
14224.000000
14056.000000
14216.000000
14052.000000
14188.000000
14188.000000
14116.000000
14224.000000
14168.000000
14132.000000
14188.000000
14220.000000
14192.000000
14084.000000
14200.000000
14040.000000
14164.000000
14008.000000
14172.000000
14152.000000
14092.000000
14212.000000
14104.000000
14144.000000
14268.000000
14136.000000
14196.000000
13912.000000
14216.000000
14172.000000
14136.000000
13896.000000
14216.000000
14108.000000
14164.000000
14108.000000
14216.000000
14188.000000
14220.000000
14184.000000
14136.000000
14188.000000
14188.000000
14236.000000
14216.000000
14016.000000
14216.000000
14296.000000
14076.000000
14140.000000
14192.000000
14220.000000
14176.000000
14180.000000
14052.000000
14196.000000
14056.000000
14272.000000
14128.000000
14180.000000
14204.000000
14252.000000
14060.000000
14172.000000
14168.000000
14120.000000
14080.000000
13920.000000
14172.000000
14224.000000
14220.000000
14196.000000
14096.000000
14228.000000
14144.000000
14100.000000
14128.000000
14220.000000
14132.000000
14212.000000
14208.000000
14220.000000
14212.000000
14092.000000
14052.000000
13980.000000
14192.000000
14268.000000
14080.000000
14200.000000
14164.000000
