42872.000000
42680.000000
42680.000000
42800.000000
42920.000000
42888.000000
42860.000000
42880.000000
42888.000000
42676.000000
42740.000000
42860.000000
42868.000000
42796.000000
42916.000000
42888.000000
42836.000000
42864.000000
42916.000000
42912.000000
42868.000000
42820.000000
42872.000000
42888.000000
42800.000000
42920.000000
42836.000000
42980.000000
42924.000000
42876.000000
42796.000000
42876.000000
42808.000000
42864.000000
42860.000000
42920.000000
42800.000000
42876.000000
42760.000000
42680.000000
42732.000000
42760.000000
42920.000000
42828.000000
42840.000000
42836.000000
42848.000000
42852.000000
42828.000000
42732.000000
42848.000000
42780.000000
42852.000000
42892.000000
42916.000000
42908.000000
42864.000000
42756.000000
42904.000000
42828.000000
42952.000000
42868.000000
42692.000000
42924.000000
42884.000000
42668.000000
42784.000000
42868.000000
42876.000000
42904.000000
42864.000000
42936.000000
42832.000000
42784.000000
42940.000000
42940.000000
42832.000000
42892.000000
42632.000000
42876.000000
42916.000000
42928.000000
42836.000000
42832.000000
42924.000000
42864.000000
42824.000000
42936.000000
42912.000000
42840.000000
42872.000000
42832.000000
42884.000000
42916.000000
42732.000000
42896.000000
42852.000000
42768.000000
42872.000000
42772.000000
