42448.000000
42584.000000
42632.000000
42696.000000
42620.000000
42688.000000
42484.000000
42676.000000
42624.000000
42700.000000
42612.000000
42412.000000
42504.000000
42528.000000
42612.000000
42644.000000
42596.000000
42672.000000
42440.000000
42580.000000
42636.000000
42608.000000
42632.000000
42580.000000
42600.000000
42364.000000
42540.000000
42328.000000
42656.000000
42656.000000
42692.000000
42544.000000
42648.000000
42692.000000
42552.000000
42612.000000
42460.000000
42696.000000
42576.000000
42548.000000
42652.000000
42608.000000
42580.000000
42656.000000
42580.000000
42616.000000
42532.000000
42352.000000
42568.000000
42696.000000
42608.000000
42500.000000
42536.000000
42604.000000
42572.000000
42644.000000
42636.000000
42592.000000
42636.000000
42640.000000
42536.000000
42608.000000
42596.000000
42700.000000
42452.000000
42436.000000
42492.000000
42604.000000
42580.000000
42472.000000
42500.000000
42600.000000
42700.000000
42660.000000
42584.000000
42580.000000
42668.000000
42524.000000
42532.000000
42360.000000
42536.000000
42516.000000
42468.000000
42432.000000
42660.000000
42628.000000
42652.000000
42604.000000
42572.000000
42492.000000
42412.000000
42504.000000
42660.000000
42564.000000
42516.000000
42528.000000
42404.000000
42576.000000
42644.000000
42680.000000
