0.000737
0.000965
0.000914
0.000747
0.001171
0.000840
0.000893
0.000822
0.000888
0.000967
0.000802
0.001562
0.000807
0.001101
0.001354
0.000942
0.000799
0.001058
0.000802
0.000913
0.000966
0.001174
0.000918
0.000828
0.000822
0.000731
0.000745
0.000745
0.000914
0.000812
0.000736
0.000761
0.001060
0.000835
0.001223
0.000838
0.000747
0.000955
0.001211
0.000821
0.000748
0.000945
0.001048
0.000943
0.000731
0.000746
0.000729
0.001124
0.000781
0.001124
0.000785
0.000937
0.001313
0.000819
0.000952
0.000916
0.000883
0.001053
0.000876
0.001053
0.001361
0.001035
0.001133
0.000747
0.000746
0.001051
0.000746
0.000729
0.000746
0.000729
0.001218
0.000803
0.000949
0.000762
0.001133
0.000802
0.000731
0.000842
0.000752
0.001125
0.000821
0.000741
0.001274
0.000889
0.000821
0.001058
0.000736
0.001127
0.000822
0.001372
0.000820
0.001064
0.000780
0.000990
0.000812
0.000730
0.000905
0.000846
0.001090
0.000838
