0.008508
0.011915
0.012087
0.011711
0.016385
0.010585
0.008675
0.008674
0.015392
0.013271
0.013083
0.014175
0.011993
0.015234
0.009313
0.007558
0.012695
0.016896
0.010255
0.013301
0.014866
0.016136
0.012353
0.009733
0.009711
0.008133
0.007579
0.007791
0.011599
0.016142
0.012821
0.012122
0.010693
0.013492
0.012682
0.011955
0.016358
0.009499
0.013481
0.012140
0.013150
0.016269
0.014483
0.008627
0.011468
0.012084
0.012061
0.008523
0.014810
0.016270
0.013142
0.007698
0.013618
0.012638
0.011066
0.014770
0.008519
0.007522
0.007506
0.007587
0.007577
0.009450
0.011819
0.008547
0.007605
0.007514
0.007772
0.013695
0.014111
0.011384
0.011452
0.008947
0.013310
0.009428
0.014228
0.011653
0.008478
0.014620
0.011384
0.009399
0.013856
0.007709
0.007648
0.008501
0.013147
0.008110
0.012519
0.010946
0.009599
0.008444
0.014133
0.009050
0.008897
0.008954
0.015974
0.012046
0.010245
0.013994
0.008484
0.008462
