0.012685
0.012227
0.012226
0.011960
0.012643
0.012655
0.011031
0.012221
0.011118
0.007582
0.007609
0.009385
0.008172
0.008276
0.008200
0.008174
0.008194
0.012265
0.007591
0.009653
0.010370
0.010375
0.013145
0.012213
0.013323
0.010382
0.014129
0.014281
0.013169
0.012867
0.012209
0.010567
0.008551
0.008760
0.007617
0.014698
0.011036
0.009493
0.008784
0.009495
0.007604
0.007611
0.017745
0.013649
0.007595
0.007623
0.017023
0.014521
0.012133
0.014642
0.011028
0.007597
0.014982
0.007653
0.007599
0.008746
0.008784
0.008965
0.007587
0.007588
0.007656
0.007603
0.014239
0.010526
0.009497
0.009496
0.009506
0.014217
0.012186
0.008136
0.008157
0.017348
0.010691
0.008787
0.008769
0.008548
0.012834
0.007592
0.014237
0.008155
0.014239
0.007641
0.007601
0.007614
0.017360
0.012741
0.012271
0.009775
0.009844
0.010684
0.011441
0.009509
0.012697
0.016731
0.012225
0.012224
0.012207
0.008151
0.014283
0.018156
