0.001307
0.001306
0.001570
0.002094
0.002106
0.001545
0.001155
0.001159
0.002269
0.001796
0.001499
0.001486
0.002189
0.001570
0.001039
0.001041
0.000970
0.000945
0.000971
0.000946
0.002452
0.001707
0.001160
0.001194
0.001161
0.001748
0.002087
0.001728
0.001756
0.001750
0.001751
0.001495
0.001167
0.001159
0.001543
0.001156
0.001527
0.001574
0.001046
0.001498
0.001485
0.001333
0.001346
0.001512
0.001349
0.001730
0.001300
0.001301
0.001338
0.001156
0.001162
0.001523
0.001484
0.001537
0.001336
0.001163
0.001485
0.001481
0.001528
0.002095
0.002094
0.001412
0.001302
0.001482
0.001335
0.001297
0.001532
0.001533
0.001340
0.001330
0.001153
0.001204
0.001753
0.001728
0.001780
0.001038
0.000925
0.000948
0.000928
0.000957
0.000964
0.000950
0.000984
0.000934
0.001491
0.001402
0.001436
0.001407
0.001386
0.002613
0.001792
0.001434
0.001306
0.001539
0.001537
0.001339
0.001095
0.001095
0.001082
0.001490
