235.045709
234.671567
230.873985
236.092043
230.174810
237.957548
233.305167
226.878047
243.024305
231.967335
239.039687
237.285365
251.548041
246.376106
242.623804
233.716948
244.930828
235.692186
235.459726
230.690897
236.765835
232.434811
232.275881
234.287608
233.125041
237.365429
237.896304
227.417146
239.416889
235.303256
239.888696
243.491549
230.334804
239.848543
240.685183
233.442489
237.978483
233.474557
247.162338
243.780344
240.907668
242.588980
240.012733
240.196817
244.381530
234.218095
240.081351
243.685430
241.423609
236.134664
245.177428
251.965293
238.542922
245.390681
241.719289
256.721305
235.297761
249.181343
240.191004
243.244809
244.548041
241.174057
240.304717
236.943821
242.165662
239.223486
245.362160
241.465415
231.568802
236.580209
239.247803
240.329886
241.028081
235.994217
242.501092
235.481998
240.898888
237.872763
250.528876
237.887261
241.738654
246.587921
240.146035
247.669304
240.896731
243.169941
247.035468
245.042472
237.012156
238.759246
238.148750
245.913097
239.531353
240.183400
238.429423
244.560709
246.419754
237.595949
250.514390
239.028422
