0.758824
0.757362
0.770794
0.752362
0.758483
0.759044
0.751144
0.764014
0.760246
0.756028
0.772389
0.762612
0.751235
0.753737
0.753931
0.742812
0.762038
0.749771
0.760123
0.760063
0.761128
0.763964
0.748358
0.755605
0.746499
0.761059
0.754316
0.757396
0.760321
0.775353
0.742964
0.752008
0.770680
0.759356
0.760995
0.756446
0.761619
0.753908
0.750194
0.761335
0.765378
0.768094
0.748587
0.758447
0.753374
0.758020
0.771747
0.754853
0.753189
0.752751
0.750085
0.751927
0.769495
0.744336
0.747063
0.742980
0.764463
0.763264
0.762976
0.767026
0.749741
0.757353
0.761615
0.764383
0.770804
0.764054
0.753894
0.756452
0.754912
0.757418
0.756985
0.775747
0.759935
0.749017
0.765997
0.756250
0.763963
0.748194
0.755412
0.750439
0.749414
0.750665
0.752649
0.769364
0.755398
0.749510
0.756440
0.758981
0.783423
0.765465
0.770947
0.753728
0.765061
0.755090
0.765447
0.767065
0.750310
0.768232
0.759617
0.751690
