0.754858
0.750197
0.768034
0.752672
0.757003
0.755559
0.752549
0.752734
0.750333
0.753101
0.753348
0.760052
0.759919
0.765787
0.762890
0.788142
0.755931
0.788887
0.754247
0.761615
0.755152
0.748876
0.756014
0.760338
0.744225
0.755905
0.754235
0.752114
0.755834
0.745120
0.751757
0.753736
0.755934
0.756564
0.746390
0.744957
0.750777
0.747758
0.753768
0.757963
0.754717
0.770077
0.761002
0.758646
0.753054
0.752263
0.756923
0.751958
0.761387
0.750008
0.751976
0.752301
0.761402
0.745421
0.757267
0.752193
0.751514
0.755025
0.747266
0.760872
0.750848
0.749092
0.755592
0.757090
0.754555
0.756253
0.760186
0.753513
0.754390
0.752889
0.747534
0.756331
0.754611
0.744688
0.740941
0.741902
0.756753
0.754206
0.751566
0.762403
0.746540
0.753348
0.761237
0.751903
0.750771
0.744274
0.754039
0.753713
0.764331
0.762508
0.758252
0.750561
0.740578
0.755921
0.748132
0.776350
0.751818
0.748804
0.746194
0.743074
