0.001460
0.001603
0.000988
0.000988
0.000974
0.000974
0.001000
0.000977
0.000987
0.000988
0.000966
0.000964
0.000966
0.000966
0.000963
0.000965
0.001193
0.001224
0.001203
0.001214
0.000988
0.001494
0.001548
0.001595
0.000966
0.000967
0.000967
0.000990
0.001046
0.001811
0.001544
0.001497
0.002064
0.001102
0.001601
0.001551
0.000965
0.001347
0.001313
0.000984
0.001502
0.002713
0.002165
0.000963
0.000990
0.001063
0.001136
0.001820
0.001566
0.001545
0.000991
0.000992
0.001059
0.001048
0.000963
0.001042
0.002074
0.002176
0.002160
0.001808
0.000972
0.001065
0.001032
0.001046
0.001491
0.001550
0.001974
0.000965
0.000990
0.000963
0.000991
0.000964
0.000964
0.000965
0.000989
0.000963
0.000988
0.000964
0.000964
0.001031
0.001051
0.001032
0.000990
0.001033
0.001109
0.001234
0.001241
0.002718
0.001066
0.001558
0.001548
0.001742
0.000964
0.000963
0.001311
0.001562
0.001554
0.001544
0.001604
0.001607
