0.060513
0.071944
0.065052
0.076383
0.070308
0.063850
0.071468
0.062082
0.064257
0.064415
0.066214
0.066857
0.061153
0.060584
0.063845
0.067780
0.070346
0.068522
0.070641
0.063924
0.063556
0.064804
0.065970
0.068458
0.072674
0.064200
0.066403
0.060387
0.067359
0.070570
0.061650
0.070266
0.064800
0.069614
0.061649
0.062669
0.067418
0.061022
0.066871
0.066235
0.061889
0.067091
0.063627
0.065213
0.067450
0.061200
0.063120
0.067985
0.069032
0.067403
0.062723
0.068667
0.069404
0.062420
0.071542
0.061411
0.062204
0.060356
0.062566
0.061252
0.062699
0.060099
0.058160
0.061139
0.060018
0.063132
0.062765
0.066293
0.065946
0.062690
0.062303
0.072150
0.061916
0.062843
0.069663
0.059684
0.068780
0.060566
0.065949
0.060608
0.064647
0.058336
0.067713
0.068436
0.069060
0.069523
0.063836
0.066079
0.068648
0.061418
0.077050
0.065664
0.066650
0.066900
0.060770
0.064539
0.064922
0.066169
0.062069
0.061557
