0.082658
0.071731
0.064155
0.073350
0.067162
0.064130
0.077190
0.071047
0.064224
0.066986
0.064900
0.066990
0.073281
0.070970
0.064144
0.070130
0.078401
0.070347
0.066994
0.076897
0.064255
0.075326
0.066986
0.073667
0.066771
0.072882
0.067080
0.067458
0.077057
0.064229
0.068268
0.069809
0.064137
0.069068
0.068372
0.072308
0.073833
0.069236
0.064292
0.070279
0.079824
0.069067
0.064118
0.071030
0.065466
0.064191
0.067537
0.067033
0.064207
0.073559
0.064147
0.067035
0.066875
0.083122
0.065285
0.064232
0.064171
0.064130
0.068228
0.066885
0.064255
0.064807
0.065397
0.064150
0.065215
0.077099
0.073438
0.064113
0.076153
0.064232
0.064193
0.069857
0.073374
0.068198
0.070891
0.070649
0.067680
0.068132
0.074796
0.070972
0.066617
0.073064
0.066808
0.068480
0.064344
0.071681
0.076564
0.076335
0.064253
0.067083
0.070536
0.067600
0.071854
0.064101
0.068221
0.064147
0.064158
0.070391
0.077833
0.071236
