6.568776
6.517550
6.535501
6.530765
6.665495
6.670337
6.655107
6.644479
6.666963
6.663954
6.632486
6.641847
6.662515
6.613195
6.546892
6.644032
6.658821
6.650347
6.556678
6.633342
6.642811
6.532679
6.655147
6.655660
6.633214
6.640882
6.658224
6.632606
6.618338
6.646381
6.538937
6.621425
6.659494
6.654317
6.648730
6.550216
6.658426
6.530900
6.617898
6.555977
6.747035
6.636325
6.650156
6.664919
6.739769
6.530027
6.654057
6.529554
6.663443
6.664029
6.652003
6.631119
6.639814
6.525575
6.648186
6.533310
6.545813
6.526697
6.643371
6.644753
6.533477
6.646291
6.737791
6.644913
6.641765
6.653535
6.647048
6.556384
6.626815
6.552741
6.750744
6.650722
6.642982
6.559384
6.534953
6.612199
6.531353
6.631447
6.613062
6.611779
6.582456
6.671953
6.572829
6.636248
6.644158
6.642274
6.563623
6.680368
6.678435
6.656910
6.533961
6.667033
6.546059
6.665335
6.652716
6.647901
6.550675
6.562864
6.667580
6.537307
