0.077576
0.070600
0.075977
0.064366
0.069489
0.066757
0.070825
0.066737
0.070535
0.068059
0.070595
0.079757
0.072625
0.063913
0.064028
0.071961
0.067055
0.070382
0.063913
0.064715
0.063809
0.071848
0.070833
0.080323
0.078648
0.073919
0.072033
0.068685
0.066600
0.063827
0.074251
0.067211
0.063963
0.074577
0.078008
0.066197
0.073611
0.065440
0.076553
0.068845
0.063819
0.067673
0.073897
0.079747
0.070338
0.070067
0.070892
0.063732
0.066892
0.066817
0.064825
0.064560
0.067541
0.064201
0.069293
0.067236
0.071593
0.068404
0.064160
0.063845
0.079253
0.064114
0.063885
0.072040
0.074519
0.069270
0.072408
0.074771
0.067426
0.067078
0.070617
0.064581
0.078050
0.078157
0.068450
0.067970
0.078923
0.077452
0.076151
0.067257
0.064395
0.066699
0.063962
0.070850
0.075902
0.080756
0.077664
0.064462
0.064031
0.076370
0.069693
0.075616
0.077995
0.064411
0.067067
0.074404
0.074120
0.063848
0.066855
0.066638
