6.596331
6.682115
6.595010
6.584348
6.571996
6.591181
6.951425
6.998060
6.924523
7.057379
6.913221
6.886209
6.959653
6.974736
6.878322
6.863824
6.925613
6.647676
6.687549
6.645600
6.599666
6.684159
6.631744
6.714088
6.610924
6.602867
6.676667
6.628444
6.625290
6.654400
6.605627
6.599108
6.603177
6.575564
6.646834
6.601805
6.621155
6.661204
6.653908
6.679410
6.623713
6.629505
6.712992
6.652936
6.688701
6.635895
6.662889
6.667723
6.588475
6.621369
6.657135
6.687812
6.737357
6.618615
6.766818
6.648647
6.741417
6.728706
6.568876
6.566273
6.647426
6.592206
6.603179
6.666417
6.692689
6.596308
6.580763
6.601533
6.604006
6.583929
6.547886
6.562258
6.591593
6.557652
6.585857
6.591952
6.594833
6.579635
6.581473
6.542171
6.555405
6.573634
6.570012
6.588278
6.569275
6.554339
6.651472
6.560142
6.574592
6.634539
6.629971
6.670959
6.552117
6.615594
6.542519
6.601445
6.634860
6.505401
6.582756
6.603385
