0.007528
0.008056
0.008957
0.007199
0.013813
0.009825
0.008863
0.006509
0.008198
0.010826
0.006433
0.008085
0.010613
0.006261
0.007458
0.007205
0.009589
0.006373
0.007518
0.010092
0.006633
0.007825
0.008506
0.006400
0.008521
0.006382
0.008951
0.007036
0.006485
0.009587
0.007034
0.006260
0.007959
0.009709
0.006340
0.012166
0.006248
0.010977
0.011630
0.006948
0.007214
0.007357
0.007999
0.008015
0.007215
0.006470
0.007502
0.009672
0.010066
0.006266
0.006328
0.010445
0.007042
0.009375
0.008703
0.006304
0.007003
0.009087
0.006561
0.007539
0.011256
0.006712
0.010773
0.006870
0.008544
0.006265
0.006416
0.009700
0.006415
0.006438
0.006290
0.006539
0.009279
0.006399
0.006399
0.006274
0.007428
0.008616
0.007879
0.007863
0.006290
0.010830
0.006301
0.007253
0.006434
0.006398
0.008320
0.006874
0.006977
0.007196
0.006720
0.006305
0.008027
0.009092
0.011032
0.006968
0.006288
0.006815
0.006718
0.008017
