0.675439
0.707778
0.678229
0.718888
0.700656
0.665339
0.720206
0.678489
0.666569
0.685643
0.678233
0.708886
0.700086
0.662059
0.709529
0.682805
0.663003
0.730763
0.665311
0.709576
0.719416
0.705316
0.706487
0.700636
0.679894
0.676718
0.697358
0.714770
0.702403
0.678933
0.671683
0.663661
0.699884
0.674885
0.665060
0.705685
0.666635
0.677794
0.667501
0.666040
0.710174
0.701486
0.706366
0.675669
0.701688
0.666323
0.678584
0.662366
0.666074
0.715968
0.706701
0.673310
0.720020
0.721707
0.706645
0.664577
0.699913
0.689054
0.673306
0.677103
0.662559
0.701838
0.708474
0.679584
0.668407
0.716269
0.666908
0.718570
0.675330
0.665576
0.717489
0.718029
0.670669
0.703223
0.666804
0.665587
0.716174
0.668000
0.721176
0.708126
0.669935
0.705717
0.673492
0.676485
0.722797
0.663383
0.706189
0.709653
0.719094
0.705394
0.721227
0.718196
0.679279
0.723664
0.664897
0.704027
0.706627
0.704215
0.714225
0.722858
