199.557418
238.293231
243.251317
249.083498
247.203169
245.243123
243.964481
239.505338
230.928747
237.441069
240.028565
236.051575
233.414554
237.329715
242.424520
237.240643
244.861172
237.379866
241.142549
244.055834
247.888667
237.101775
240.845518
239.329225
234.932151
237.276867
240.073418
248.949567
245.773283
244.173415
239.875892
238.025790
239.973307
234.044564
236.502167
235.903320
238.472835
236.018344
241.172100
248.490337
240.380963
239.483308
238.827413
250.552368
238.778950
235.589902
246.026993
239.763026
237.457134
235.580440
232.972696
229.442816
241.981905
236.833957
241.541041
253.822992
240.129082
250.448936
241.789361
243.904273
239.661327
234.529441
245.511002
238.488623
248.871198
238.035193
243.841042
237.316361
236.221241
240.935725
238.303374
238.608540
239.583133
243.362249
243.079747
235.867190
237.087779
239.510845
243.501893
240.517500
246.169987
241.131330
246.131743
240.156022
240.020377
248.032777
249.451491
233.487186
240.499954
247.157071
235.203847
235.977465
228.515701
230.288900
235.745897
235.315266
232.682701
232.782683
234.331817
233.641469
