17560.000000
16416.000000
16376.000000
15252.000000
15356.000000
16424.000000
16368.000000
17460.000000
17424.000000
16272.000000
16468.000000
15392.000000
17296.000000
16304.000000
16416.000000
15312.000000
17320.000000
16588.000000
16620.000000
15576.000000
15508.000000
16376.000000
17580.000000
16696.000000
15444.000000
16588.000000
17524.000000
16544.000000
16596.000000
15304.000000
17660.000000
16340.000000
15508.000000
16516.000000
17312.000000
16608.000000
17284.000000
16516.000000
15408.000000
16548.000000
15592.000000
16536.000000
17356.000000
16432.000000
16496.000000
17384.000000
16436.000000
15240.000000
15260.000000
16560.000000
17356.000000
16588.000000
17360.000000
16172.000000
15396.000000
16644.000000
16324.000000
17344.000000
15292.000000
16480.000000
16292.000000
17436.000000
16664.000000
15568.000000
15348.000000
16392.000000
17480.000000
16336.000000
17588.000000
16452.000000
15356.000000
16416.000000
17472.000000
16704.000000
15460.000000
16312.000000
17640.000000
16544.000000
16404.000000
15296.000000
16396.000000
15292.000000
17596.000000
16376.000000
16340.000000
17336.000000
16512.000000
15336.000000
16464.000000
17396.000000
16424.000000
15300.000000
15480.000000
16496.000000
17276.000000
16628.000000
17300.000000
16708.000000
15308.000000
16636.000000
