18816.000000
17868.000000
19928.000000
18420.000000
19944.000000
19068.000000
18692.000000
17920.000000
17860.000000
18952.000000
18712.000000
19928.000000
19928.000000
18856.000000
17736.000000
19248.000000
18812.000000
17672.000000
19892.000000
19044.000000
18732.000000
18376.000000
18740.000000
19792.000000
18840.000000
17908.000000
19960.000000
18472.000000
17776.000000
18960.000000
18744.000000
20096.000000
17852.000000
18952.000000
19084.000000
19952.000000
18796.000000
19856.000000
17708.000000
19268.000000
18184.000000
19024.000000
18768.000000
19756.000000
18620.000000
19488.000000
17684.000000
18852.000000
19068.000000
17916.000000
20016.000000
18924.000000
18180.000000
19792.000000
18484.000000
17852.000000
18848.000000
17756.000000
20144.000000
18716.000000
18916.000000
19776.000000
18080.000000
18724.000000
20072.000000
18668.000000
19128.000000
17616.000000
17804.000000
18868.000000
18776.000000
19952.000000
18004.000000
19028.000000
18516.000000
19956.000000
18904.000000
17656.000000
18976.000000
19976.000000
18960.000000
19940.000000
17744.000000
18996.000000
17772.000000
18836.000000
18840.000000
19888.000000
19868.000000
18644.000000
17788.000000
18804.000000
17896.000000
19808.000000
18852.000000
18744.000000
18536.000000
19820.000000
17916.000000
18964.000000
