54280.000000
54156.000000
54344.000000
54144.000000
54224.000000
54328.000000
54128.000000
54236.000000
54600.000000
54216.000000
54176.000000
54392.000000
54164.000000
54212.000000
54224.000000
54204.000000
54176.000000
54152.000000
54244.000000
54252.000000
54156.000000
54096.000000
54148.000000
54164.000000
54184.000000
54464.000000
54428.000000
54236.000000
54176.000000
54148.000000
54400.000000
54352.000000
54168.000000
54364.000000
54212.000000
54224.000000
54236.000000
54160.000000
54156.000000
54228.000000
54188.000000
54388.000000
54212.000000
54156.000000
54116.000000
54188.000000
54116.000000
54348.000000
54284.000000
54092.000000
54184.000000
54184.000000
54316.000000
54476.000000
54268.000000
54412.000000
54084.000000
54144.000000
54388.000000
54416.000000
54116.000000
54208.000000
54208.000000
54300.000000
54172.000000
54420.000000
54148.000000
54376.000000
54368.000000
54156.000000
54176.000000
54244.000000
54156.000000
54180.000000
54192.000000
54464.000000
54284.000000
54236.000000
54196.000000
54200.000000
54188.000000
54160.000000
54376.000000
54268.000000
54228.000000
54256.000000
54088.000000
54240.000000
54140.000000
54228.000000
54588.000000
54220.000000
54288.000000
54444.000000
54444.000000
54152.000000
54104.000000
54240.000000
54220.000000
54224.000000
