54260.000000
54332.000000
54344.000000
54312.000000
54372.000000
54376.000000
54252.000000
54292.000000
54512.000000
54276.000000
54364.000000
54476.000000
54232.000000
54420.000000
54576.000000
54440.000000
54420.000000
54484.000000
54440.000000
54304.000000
54676.000000
54348.000000
54340.000000
54384.000000
54380.000000
54508.000000
54388.000000
54380.000000
54524.000000
54324.000000
54244.000000
54536.000000
54348.000000
54408.000000
54520.000000
54472.000000
54360.000000
54376.000000
54376.000000
54356.000000
54288.000000
54356.000000
54436.000000
54556.000000
54396.000000
54520.000000
54232.000000
54424.000000
54632.000000
54316.000000
54368.000000
54352.000000
54604.000000
54544.000000
54392.000000
54180.000000
54492.000000
54460.000000
54504.000000
54560.000000
54452.000000
54332.000000
54332.000000
54284.000000
54584.000000
54360.000000
54388.000000
54384.000000
54444.000000
54260.000000
54256.000000
54528.000000
54544.000000
54544.000000
54376.000000
54332.000000
54296.000000
54372.000000
54368.000000
54308.000000
54352.000000
54200.000000
54412.000000
54352.000000
54224.000000
54412.000000
54368.000000
54404.000000
54364.000000
54468.000000
54216.000000
54408.000000
54224.000000
54464.000000
54476.000000
54336.000000
54460.000000
54488.000000
54316.000000
54308.000000
