36760.000000
36696.000000
36608.000000
36832.000000
36716.000000
36612.000000
36652.000000
36732.000000
36592.000000
36812.000000
36740.000000
36688.000000
36808.000000
36728.000000
36816.000000
36784.000000
36652.000000
36808.000000
36632.000000
36672.000000
36796.000000
36760.000000
36800.000000
36768.000000
36820.000000
36836.000000
36816.000000
36760.000000
36640.000000
36764.000000
36684.000000
36636.000000
36788.000000
36760.000000
36704.000000
36704.000000
36808.000000
36656.000000
36828.000000
36660.000000
36744.000000
36668.000000
36748.000000
36732.000000
36868.000000
36764.000000
36732.000000
36736.000000
36828.000000
36652.000000
36772.000000
36588.000000
36812.000000
36648.000000
36652.000000
36736.000000
36808.000000
36748.000000
36752.000000
36760.000000
36772.000000
36676.000000
36684.000000
36744.000000
36740.000000
36532.000000
36640.000000
36784.000000
36644.000000
36636.000000
36656.000000
36700.000000
36756.000000
36712.000000
36776.000000
36728.000000
36688.000000
36656.000000
36664.000000
36796.000000
36664.000000
36784.000000
36776.000000
36648.000000
36764.000000
36556.000000
36828.000000
36600.000000
36800.000000
36640.000000
36796.000000
36660.000000
36736.000000
36720.000000
36688.000000
36704.000000
36728.000000
36684.000000
36752.000000
36752.000000
