13256.000000
13176.000000
12984.000000
12988.000000
13208.000000
13304.000000
13032.000000
13192.000000
13236.000000
12864.000000
13352.000000
13136.000000
12868.000000
12936.000000
13496.000000
13228.000000
13288.000000
13184.000000
13000.000000
13128.000000
13044.000000
12832.000000
13152.000000
13340.000000
13428.000000
13108.000000
13156.000000
12960.000000
13440.000000
13148.000000
13280.000000
12976.000000
12868.000000
13308.000000
12984.000000
13308.000000
13212.000000
13088.000000
13064.000000
13064.000000
13448.000000
13036.000000
13020.000000
13372.000000
13432.000000
12912.000000
12904.000000
13452.000000
12968.000000
12920.000000
13384.000000
13636.000000
12992.000000
13296.000000
12960.000000
13196.000000
13156.000000
13220.000000
12984.000000
13020.000000
12952.000000
13428.000000
12948.000000
13108.000000
13104.000000
12884.000000
12848.000000
12968.000000
13380.000000
13068.000000
13280.000000
12984.000000
13136.000000
13264.000000
13348.000000
13272.000000
12976.000000
12764.000000
13200.000000
13284.000000
13076.000000
13360.000000
13120.000000
13356.000000
12952.000000
13028.000000
13316.000000
13400.000000
13168.000000
12948.000000
13228.000000
13140.000000
12992.000000
13120.000000
13412.000000
13168.000000
13236.000000
12944.000000
13360.000000
13224.000000
