13080.000000
12600.000000
13176.000000
13084.000000
13280.000000
13236.000000
13100.000000
13020.000000
13152.000000
13376.000000
13236.000000
12552.000000
13120.000000
12672.000000
13104.000000
13360.000000
13100.000000
12600.000000
13308.000000
13232.000000
13048.000000
12540.000000
13300.000000
13088.000000
13356.000000
13412.000000
13092.000000
13428.000000
13284.000000
12948.000000
13280.000000
13360.000000
13200.000000
13044.000000
13228.000000
12612.000000
13332.000000
12388.000000
13128.000000
13288.000000
13384.000000
13008.000000
13244.000000
13300.000000
13056.000000
13284.000000
13100.000000
13168.000000
12964.000000
13512.000000
13376.000000
13224.000000
13120.000000
13096.000000
13132.000000
13200.000000
13324.000000
13316.000000
13212.000000
13016.000000
13208.000000
13196.000000
13252.000000
13060.000000
12620.000000
13232.000000
13272.000000
13208.000000
13336.000000
13336.000000
13052.000000
12992.000000
13324.000000
13108.000000
13352.000000
12600.000000
13104.000000
13096.000000
13252.000000
13172.000000
13260.000000
13436.000000
13112.000000
13352.000000
12944.000000
13180.000000
13312.000000
13184.000000
12788.000000
13276.000000
13040.000000
13212.000000
13076.000000
13212.000000
13272.000000
13284.000000
12524.000000
12976.000000
13040.000000
13532.000000
