13064.000000
12860.000000
13132.000000
13028.000000
13192.000000
13144.000000
12960.000000
13288.000000
12228.000000
13080.000000
12888.000000
13180.000000
12332.000000
12972.000000
13108.000000
13112.000000
13112.000000
13024.000000
13016.000000
13084.000000
12324.000000
13196.000000
12960.000000
12876.000000
12284.000000
12868.000000
13404.000000
13076.000000
12920.000000
13000.000000
12920.000000
13160.000000
12904.000000
12364.000000
12928.000000
13280.000000
12964.000000
12360.000000
12972.000000
13136.000000
13056.000000
13056.000000
12948.000000
12940.000000
12896.000000
13272.000000
13052.000000
12292.000000
13044.000000
13156.000000
13328.000000
12924.000000
13100.000000
12392.000000
12836.000000
13108.000000
13328.000000
12928.000000
12924.000000
12424.000000
12992.000000
13200.000000
13080.000000
13124.000000
13016.000000
13008.000000
12660.000000
12996.000000
12612.000000
12904.000000
13068.000000
13216.000000
13056.000000
13128.000000
12392.000000
12860.000000
12872.000000
13188.000000
13036.000000
13032.000000
12888.000000
13044.000000
13048.000000
12880.000000
13156.000000
12912.000000
12904.000000
12360.000000
12956.000000
13100.000000
13140.000000
12320.000000
12932.000000
13196.000000
13052.000000
12952.000000
12896.000000
13260.000000
13036.000000
12224.000000
