19092.000000
18184.000000
20092.000000
18708.000000
18784.000000
20220.000000
17648.000000
18964.000000
18976.000000
20072.000000
19292.000000
18164.000000
18100.000000
19240.000000
20000.000000
18692.000000
20216.000000
18956.000000
19160.000000
18084.000000
18772.000000
18936.000000
17656.000000
20208.000000
18676.000000
20160.000000
18140.000000
18972.000000
18892.000000
20036.000000
19256.000000
18160.000000
19192.000000
17660.000000
20168.000000
18796.000000
18796.000000
20188.000000
19024.000000
17984.000000
18748.000000
20204.000000
18052.000000
19184.000000
18948.000000
18444.000000
18696.000000
20236.000000
19992.000000
19432.000000
17860.000000
18808.000000
18188.000000
19032.000000
20252.000000
19188.000000
18868.000000
18048.000000
18684.000000
20140.000000
20268.000000
18184.000000
18980.000000
18612.000000
20028.000000
18756.000000
19016.000000
18060.000000
18004.000000
18920.000000
20136.000000
18868.000000
20092.000000
18836.000000
17940.000000
19144.000000
18188.000000
19120.000000
18960.000000
20120.000000
18096.000000
19008.000000
18580.000000
20168.000000
18600.000000
20080.000000
19200.000000
18032.000000
18120.000000
19084.000000
19016.000000
20200.000000
18864.000000
17716.000000
18788.000000
20256.000000
20008.000000
18808.000000
19012.000000
18072.000000
