12100.000000
12196.000000
12232.000000
12276.000000
12116.000000
12284.000000
12140.000000
12100.000000
12128.000000
12232.000000
12252.000000
12192.000000
12212.000000
12176.000000
12088.000000
12220.000000
12036.000000
12092.000000
12172.000000
12064.000000
12140.000000
12092.000000
12108.000000
12264.000000
12272.000000
12144.000000
12032.000000
12256.000000
12248.000000
12072.000000
12188.000000
12260.000000
12132.000000
12168.000000
12208.000000
12100.000000
12276.000000
12168.000000
12032.000000
12192.000000
12224.000000
12152.000000
12216.000000
12204.000000
12032.000000
12208.000000
12192.000000
12148.000000
12048.000000
12092.000000
12264.000000
12188.000000
12260.000000
12116.000000
12072.000000
12072.000000
12240.000000
12176.000000
12112.000000
12120.000000
12204.000000
12140.000000
12124.000000
12188.000000
12200.000000
12320.000000
12164.000000
12068.000000
12072.000000
12184.000000
12268.000000
12136.000000
12020.000000
12184.000000
12200.000000
12232.000000
12052.000000
12272.000000
12172.000000
12160.000000
12216.000000
12096.000000
12116.000000
12172.000000
12160.000000
12216.000000
12200.000000
12164.000000
12260.000000
12116.000000
12064.000000
12188.000000
12072.000000
12108.000000
12128.000000
12176.000000
12148.000000
12232.000000
12232.000000
12036.000000
