13300.000000
13328.000000
13020.000000
13044.000000
13396.000000
13260.000000
13244.000000
13456.000000
13408.000000
13220.000000
13556.000000
13384.000000
13148.000000
13572.000000
13104.000000
13736.000000
13168.000000
13096.000000
13616.000000
13488.000000
13260.000000
13588.000000
13152.000000
13408.000000
13128.000000
13028.000000
13292.000000
13656.000000
13216.000000
13572.000000
13028.000000
13616.000000
13412.000000
13160.000000
13408.000000
13108.000000
13204.000000
13416.000000
13492.000000
13052.000000
13020.000000
13468.000000
13384.000000
13464.000000
13060.000000
13360.000000
13416.000000
13012.000000
13172.000000
13208.000000
13876.000000
13448.000000
13160.000000
13316.000000
13224.000000
13556.000000
13328.000000
13020.000000
13280.000000
13332.000000
13428.000000
13008.000000
13004.000000
13336.000000
13500.000000
13160.000000
13200.000000
13300.000000
13088.000000
12956.000000
13528.000000
13452.000000
13512.000000
13068.000000
13412.000000
13068.000000
13304.000000
13492.000000
13076.000000
13412.000000
13012.000000
13240.000000
13312.000000
13360.000000
13160.000000
13728.000000
13612.000000
13396.000000
13664.000000
13068.000000
13352.000000
13288.000000
13604.000000
12992.000000
13436.000000
13204.000000
13428.000000
13288.000000
13692.000000
13192.000000
