23568.000000
23640.000000
23576.000000
23680.000000
23608.000000
23544.000000
23656.000000
23676.000000
23684.000000
23520.000000
23916.000000
23744.000000
23512.000000
23476.000000
23568.000000
23620.000000
23612.000000
23712.000000
23572.000000
23764.000000
23764.000000
23544.000000
23592.000000
23956.000000
23632.000000
23688.000000
23584.000000
23596.000000
23796.000000
23536.000000
23656.000000
23404.000000
23684.000000
23548.000000
23616.000000
23756.000000
23692.000000
23624.000000
23800.000000
23684.000000
23716.000000
23644.000000
23728.000000
23496.000000
23592.000000
23540.000000
23472.000000
23760.000000
23524.000000
23600.000000
23840.000000
23612.000000
23568.000000
23888.000000
23352.000000
23540.000000
23692.000000
23692.000000
23580.000000
23732.000000
23844.000000
23568.000000
23772.000000
23600.000000
23732.000000
23636.000000
23736.000000
23492.000000
23516.000000
23788.000000
23752.000000
23552.000000
23588.000000
23628.000000
23520.000000
23552.000000
23660.000000
23580.000000
23592.000000
23592.000000
23752.000000
23592.000000
23632.000000
23484.000000
23516.000000
23568.000000
23928.000000
23520.000000
23608.000000
23592.000000
23608.000000
23744.000000
23568.000000
23780.000000
23592.000000
23628.000000
23676.000000
23576.000000
23728.000000
23644.000000
