23336.000000
23508.000000
23428.000000
23396.000000
23464.000000
23576.000000
23580.000000
23532.000000
23352.000000
23476.000000
23516.000000
23576.000000
23392.000000
23344.000000
23520.000000
23308.000000
23400.000000
23656.000000
23700.000000
23372.000000
23428.000000
23612.000000
23352.000000
23444.000000
23340.000000
23400.000000
23420.000000
23332.000000
23500.000000
23512.000000
23380.000000
23292.000000
23396.000000
23340.000000
23396.000000
23496.000000
23404.000000
23604.000000
23784.000000
23424.000000
23484.000000
23588.000000
23456.000000
23520.000000
23292.000000
23712.000000
23452.000000
23376.000000
23404.000000
23696.000000
23480.000000
23360.000000
23460.000000
23580.000000
23364.000000
23312.000000
23772.000000
23372.000000
23456.000000
23360.000000
23528.000000
23340.000000
23460.000000
23432.000000
23692.000000
23332.000000
23380.000000
23548.000000
23508.000000
23356.000000
23396.000000
23488.000000
23380.000000
23328.000000
23380.000000
23636.000000
23552.000000
23344.000000
23608.000000
23652.000000
23620.000000
23260.000000
23408.000000
23440.000000
23504.000000
23532.000000
23456.000000
23392.000000
23608.000000
23268.000000
23432.000000
23480.000000
23552.000000
23452.000000
23544.000000
23600.000000
23548.000000
23444.000000
23500.000000
23500.000000
