16452.000000
17296.000000
15424.000000
16204.000000
16292.000000
16432.000000
17116.000000
14992.000000
17220.000000
16188.000000
15156.000000
16244.000000
16012.000000
17428.000000
16208.000000
15076.000000
16396.000000
15392.000000
16268.000000
17264.000000
17124.000000
16076.000000
15216.000000
16344.000000
17140.000000
16168.000000
15116.000000
16436.000000
16292.000000
17224.000000
15264.000000
16180.000000
16404.000000
16292.000000
15436.000000
17160.000000
16252.000000
15316.000000
16252.000000
17232.000000
15044.000000
16068.000000
17108.000000
16308.000000
17200.000000
16216.000000
15308.000000
16288.000000
15048.000000
16280.000000
16156.000000
17228.000000
15040.000000
17112.000000
16340.000000
16316.000000
17204.000000
16316.000000
15180.000000
16320.000000
16172.000000
17288.000000
14960.000000
16432.000000
16268.000000
17272.000000
15168.000000
16424.000000
16496.000000
15392.000000
17240.000000
16344.000000
15124.000000
16344.000000
16280.000000
17408.000000
17312.000000
16340.000000
15340.000000
16476.000000
15092.000000
16236.000000
17272.000000
16440.000000
16272.000000
16316.000000
15300.000000
17220.000000
17268.000000
16096.000000
15088.000000
16356.000000
16416.000000
17096.000000
16256.000000
15328.000000
16324.000000
15028.000000
16544.000000
17148.000000
