0.365252
0.374237
0.383360
0.383364
0.379581
0.379591
0.406993
0.394341
0.372839
0.372853
0.374072
0.383080
0.373510
0.382472
0.375311
0.375317
0.379021
0.379016
0.380372
0.389415
0.385953
0.385950
0.395209
0.386180
0.379358
0.379366
0.389704
0.380710
0.376485
0.376488
0.393139
0.384153
0.380905
0.371843
0.388759
0.388767
0.369831
0.369821
0.391411
0.382425
0.380064
0.380075
0.390486
0.381504
0.379097
0.369267
0.369883
0.369863
0.373875
0.373879
0.383080
0.374064
0.378265
0.387281
0.379323
0.379011
0.399060
0.390069
0.391248
0.391249
0.387734
0.387732
0.397229
0.388244
0.370669
0.370657
0.384114
0.393146
0.372420
0.381405
0.372573
0.372572
0.366651
0.366642
0.376445
0.367441
0.390638
0.377917
0.379884
0.379880
0.370356
0.380541
0.372936
0.372916
0.380587
0.380608
0.382387
0.391411
0.385814
0.394798
0.390550
0.390527
0.377381
0.386373
0.386864
0.386851
0.363325
0.363311
0.377780
0.386809
