4.185490
4.185447
4.256484
4.273813
4.130298
4.130329
4.169572
4.186200
4.180890
4.163747
4.216251
4.216606
4.479775
4.459914
4.763468
4.763677
4.098436
4.098576
4.114749
4.098984
4.173494
4.156886
4.231533
4.231642
4.115144
4.131183
4.181149
4.181259
4.154581
4.134954
4.148888
4.149111
4.178963
4.178982
4.222855
4.202703
4.140916
4.158770
4.177058
4.177300
4.497171
4.497261
4.799763
4.816752
4.262613
4.246581
4.259501
4.259741
4.383308
4.366822
4.393233
4.395307
4.272960
4.289862
4.357814
4.357956
4.234006
4.217306
4.283865
4.284112
4.197618
4.179532
4.270537
4.270774
4.261089
4.261197
4.296258
4.312696
4.260759
4.260856
4.299403
4.323489
4.749512
4.749628
5.194804
5.178323
4.303756
4.303877
4.325028
4.309322
4.096907
4.096995
4.103686
4.123002
4.265686
4.248313
4.257743
4.258004
4.192095
4.175346
4.226022
4.226179
4.188991
4.207477
4.191179
4.191233
4.216317
4.216339
4.262621
4.246045
