0.752253
0.750828
0.732339
0.747548
0.733722
0.746441
0.754003
0.741657
0.742363
0.742371
0.739559
0.733991
0.747274
0.741692
0.741229
0.751504
0.747440
0.750218
0.735908
0.750201
0.746515
0.749660
0.748066
0.759910
0.749944
0.756159
0.743713
0.753953
0.738695
0.749226
0.748664
0.750134
0.739539
0.746397
0.753947
0.733276
0.737459
0.787744
0.785541
0.823033
0.752942
0.799139
0.811677
0.770844
0.772955
0.738801
0.744360
0.755683
0.777157
0.742316
0.743052
0.737324
0.743171
0.756465
0.761908
0.745520
0.752040
0.756937
0.741452
0.739899
0.746633
0.741927
0.755012
0.744505
0.743034
0.736817
0.733481
0.761394
0.745650
0.748981
0.758980
0.749336
0.745254
0.823697
0.800227
0.809801
0.795888
0.810037
0.788717
0.808829
0.779289
0.785188
0.802491
0.816770
0.821092
0.774157
0.789072
0.756788
0.765856
0.769966
0.802625
0.812445
0.816596
0.791470
0.790099
0.807570
0.793432
0.811443
0.790946
0.800236
