0.007864
0.011001
0.011046
0.008572
0.008307
0.007910
0.009927
0.008355
0.008239
0.007944
0.008162
0.007756
0.007610
0.007704
0.011583
0.007953
0.008411
0.009046
0.007910
0.009109
0.008351
0.007964
0.009067
0.012161
0.008255
0.010033
0.007788
0.008513
0.011800
0.008314
0.008532
0.007531
0.008251
0.008306
0.007227
0.009827
0.008193
0.010126
0.007767
0.010540
0.008208
0.008170
0.010859
0.007947
0.009686
0.009132
0.007726
0.007790
0.008399
0.008560
0.008353
0.010056
0.008170
0.008556
0.008336
0.008488
0.008237
0.008242
0.009719
0.008631
0.008594
0.009123
0.010843
0.009396
0.009964
0.008309
0.009710
0.007983
0.008390
0.009241
0.007804
0.008592
0.009254
0.007929
0.008125
0.008746
0.008664
0.009405
0.008893
0.010201
0.008811
0.008640
0.007914
0.008286
0.008500
0.008861
0.011294
0.008406
0.008693
0.007833
0.011370
0.010587
0.007869
0.011527
0.009864
0.007997
0.008119
0.008281
0.011555
0.007918
