4.966193
4.966058
5.173248
5.190267
4.182764
4.166505
4.205950
4.205992
4.504229
4.520322
4.773209
4.773463
4.177241
4.177256
4.208501
4.224553
4.245709
4.228210
4.302519
4.302814
4.152805
4.152876
4.218349
4.201665
4.454288
4.473669
4.793926
4.794199
4.140535
4.140571
4.176132
4.192351
4.233528
4.233581
4.283634
4.265351
4.362175
4.380144
4.477343
4.477630
4.284699
4.268228
4.269948
4.269993
4.223794
4.223895
4.242171
4.258269
4.250534
4.232615
4.344306
4.344338
4.147019
4.147036
4.163085
4.184953
4.186596
4.167568
4.201330
4.201485
4.149983
4.133072
4.172029
4.172099
4.203824
4.203901
4.248821
4.231764
4.160663
4.142181
4.177809
4.178055
4.187992
4.170055
4.172270
4.172327
4.162011
4.143824
4.157179
4.157328
4.181972
4.182088
4.212884
4.195677
4.121200
4.104553
4.164672
4.164923
4.222690
4.222766
4.242447
4.261091
4.185571
4.185604
4.240178
4.223263
4.204266
4.204399
4.238604
4.222397
