0.032008
0.032021
0.035564
0.032709
0.036099
0.033017
0.033051
0.033060
0.029751
0.029756
0.032454
0.030395
0.039527
0.039523
0.041498
0.043904
0.064169
0.059640
0.064388
0.064407
0.075732
0.075725
0.081035
0.076500
0.105238
0.105252
0.134574
0.130078
0.079587
0.079567
0.086124
0.081595
0.091342
0.086829
0.086952
0.086949
0.097454
0.092882
0.093940
0.093938
0.083205
0.087737
0.083227
0.083236
0.074307
0.074860
0.083560
0.075645
0.090736
0.086214
0.087903
0.087917
0.082245
0.086792
0.082475
0.082483
0.076821
0.076825
0.083101
0.078545
0.064740
0.064741
0.070884
0.066381
0.083933
0.083825
0.089644
0.085141
0.080297
0.075757
0.077770
0.077764
0.080259
0.084767
0.084508
0.084505
0.080170
0.080165
0.086464
0.081938
0.081630
0.084183
0.086462
0.086457
0.075347
0.075343
0.075423
0.079933
0.079558
0.079573
0.085199
0.080514
0.076150
0.070105
0.071727
0.071658
0.063069
0.063063
0.067577
0.063076
