0.031987
0.031977
0.032864
0.035324
0.034008
0.036524
0.034636
0.034640
0.078005
0.073402
0.073387
0.073386
0.083283
0.083312
0.088165
0.083468
0.077294
0.077315
0.078266
0.082839
0.081678
0.086215
0.082465
0.082462
0.117802
0.122385
0.118444
0.094761
0.101933
0.097160
0.104137
0.100649
0.079556
0.084078
0.080500
0.080482
0.075080
0.075078
0.080792
0.076259
0.082840
0.087414
0.084178
0.084168
0.053401
0.053388
0.058440
0.053878
0.083717
0.088229
0.084390
0.084376
0.088395
0.088402
0.094663
0.090118
0.084044
0.084045
0.091899
0.087307
0.088319
0.088305
0.088341
0.092889
0.079922
0.084463
0.081660
0.081657
0.078445
0.078434
0.083825
0.079276
0.079479
0.079461
0.084143
0.079591
0.084208
0.084222
0.086010
0.090562
0.078567
0.073962
0.074775
0.074766
0.079984
0.079959
0.085826
0.081310
0.084281
0.084256
0.086180
0.090720
0.084083
0.088630
0.084147
0.084173
0.084830
0.084840
0.091009
0.086473
