0.377318
0.377399
0.386607
0.377323
0.428849
0.428850
0.431854
0.441030
0.396706
0.403383
0.404443
0.404443
0.347137
0.347136
0.362584
0.357325
0.421345
0.412310
0.431952
0.431968
0.373342
0.382325
0.392589
0.392611
0.377401
0.368262
0.369156
0.369171
0.377293
0.386361
0.378685
0.378698
0.368679
0.377659
0.372091
0.372098
0.359952
0.362251
0.372949
0.363926
0.510695
0.522186
0.518652
0.518660
0.361798
0.362084
0.365799
0.383299
0.523132
0.506379
0.561297
0.561299
0.369293
0.369300
0.374673
0.379902
0.381441
0.372416
0.377629
0.377623
0.383842
0.383854
0.394755
0.385576
0.383030
0.383029
0.384328
0.393679
0.383900
0.392884
0.390336
0.390363
0.379317
0.369950
0.386682
0.386664
0.386714
0.371361
0.385900
0.383893
0.375492
0.366469
0.366900
0.366898
0.368907
0.377942
0.370100
0.370098
0.365530
0.365506
0.376548
0.367513
0.369934
0.378937
0.370103
0.370112
0.384254
0.384267
0.395497
0.386460
