76.310564
76.251959
76.663225
76.663857
75.471601
75.530593
75.673799
75.674593
73.932281
73.869866
74.063815
74.064371
73.950829
73.951357
74.270363
74.211757
75.629090
75.688146
76.625188
76.625874
74.114412
74.173375
74.959333
74.960050
76.527870
76.528353
77.014728
76.956913
75.184751
75.185220
76.126940
76.051668
75.696243
75.696732
77.162645
77.236340
76.958578
77.017396
77.097763
77.097996
73.886547
73.887128
74.764123
74.835307
73.558992
73.617858
74.403032
74.403403
73.458252
73.517314
75.027246
75.027876
76.230944
76.231461
76.423783
76.366181
75.197305
75.197807
75.712816
75.772070
73.962814
74.021972
74.631053
74.631775
74.346300
74.346834
74.779802
74.721874
78.004078
77.946083
78.324339
78.325026
74.334213
74.334657
74.578619
74.518425
74.540214
74.482174
74.653648
74.653752
74.658688
74.659201
75.664016
75.723073
72.769708
72.828967
73.104226
73.104895
73.440944
73.441457
73.900722
73.840397
74.241680
74.183477
74.368622
74.369270
75.301171
75.301625
75.979950
76.049951
