0.001484
0.001637
0.001491
0.001496
0.000808
0.000820
0.000894
0.000818
0.001491
0.001650
0.001499
0.001521
0.001544
0.001552
0.001707
0.001568
0.000718
0.000654
0.000660
0.000667
0.001690
0.001534
0.001556
0.001567
0.001500
0.001647
0.001496
0.001520
0.001692
0.001550
0.001537
0.001551
0.001224
0.001094
0.001081
0.001075
0.001047
0.001055
0.001149
0.001043
0.001505
0.001656
0.001503
0.001527
0.001670
0.001494
0.001514
0.001525
0.000795
0.000868
0.000803
0.000809
0.001662
0.001515
0.001520
0.001541
0.001641
0.001493
0.001512
0.001494
0.001085
0.001202
0.001093
0.001100
0.000950
0.001047
0.000955
0.000955
0.001019
0.001022
0.001124
0.001028
0.001443
0.001278
0.001288
0.001306
0.001218
0.001239
0.001367
0.001233
0.000731
0.000667
0.000664
0.000673
0.001507
0.001519
0.001533
0.001673
0.001531
0.001675
0.001539
0.001518
0.000891
0.000789
0.000797
0.000802
0.001512
0.001664
0.001520
0.001509
