0.000806
0.000912
0.001036
0.000898
0.000931
0.001145
0.001447
0.001004
0.001989
0.000882
0.000784
0.000794
0.001069
0.000789
0.000890
0.001020
0.000802
0.000901
0.000950
0.001146
0.000872
0.000798
0.000798
0.000783
0.001113
0.001100
0.000801
0.001070
0.001103
0.000931
0.000849
0.000788
0.000816
0.001045
0.000806
0.000945
0.000784
0.000864
0.001034
0.000825
0.000784
0.000798
0.001027
0.000883
0.001008
0.001276
0.000859
0.000886
0.000831
0.000796
0.000804
0.001739
0.000812
0.000819
0.001319
0.000813
0.000981
0.001170
0.001033
0.000792
0.000785
0.000786
0.000795
0.000932
0.000832
0.001101
0.001128
0.000918
0.000853
0.000802
0.001316
0.000801
0.000817
0.000819
0.000807
0.000811
0.001205
0.000865
0.000808
0.000882
0.000800
0.000788
0.001326
0.001112
0.000974
0.000938
0.001896
0.000833
0.000800
0.000831
0.000785
0.000881
0.000986
0.001102
0.000830
0.001066
0.001041
0.000804
0.001280
0.001004
