0.005852
0.005846
0.005833
0.006254
0.004335
0.004328
0.004332
0.004585
0.011785
0.011350
0.011339
0.011337
0.006815
0.006804
0.007249
0.006815
0.006137
0.005719
0.005998
0.006000
0.010073
0.010070
0.010730
0.010148
0.006450
0.006873
0.006481
0.006489
0.006853
0.006861
0.007324
0.006880
0.006569
0.006569
0.007385
0.006940
0.008876
0.008871
0.009551
0.008877
0.007655
0.008276
0.008017
0.008034
0.006515
0.006104
0.006300
0.006362
0.008088
0.008099
0.008759
0.008102
0.009900
0.009892
0.009921
0.010530
0.006776
0.006776
0.006856
0.007447
0.005084
0.005082
0.005075
0.005414
0.006305
0.005867
0.005851
0.005872
0.008302
0.007636
0.007686
0.007687
0.010028
0.010621
0.010023
0.010023
0.006872
0.007466
0.006884
0.006896
0.005746
0.005380
0.005387
0.005390
0.006989
0.006983
0.007431
0.006988
0.005575
0.005237
0.005251
0.005255
0.009627
0.009615
0.010265
0.009672
0.005335
0.005027
0.005029
0.005022
