0.000528
0.000487
0.000480
0.000479
0.000752
0.000682
0.000690
0.000696
0.001844
0.001672
0.001694
0.001665
0.003508
0.002262
0.002276
0.002287
0.001682
0.001851
0.001676
0.001698
0.001213
0.001104
0.001112
0.001092
0.001096
0.001216
0.001106
0.001121
0.001667
0.001680
0.001659
0.001838
0.001465
0.001459
0.001622
0.001477
0.001504
0.001506
0.001660
0.001507
0.001070
0.001065
0.001173
0.001063
0.001669
0.001500
0.001517
0.001536
0.001603
0.001466
0.001476
0.001467
0.000792
0.000784
0.000874
0.000787
0.000590
0.000539
0.000536
0.000542
0.001682
0.001705
0.001950
0.001769
0.001482
0.001462
0.001622
0.001471
0.003956
0.004847
0.003945
0.002928
0.001468
0.001488
0.001622
0.001478
0.001703
0.001544
0.001513
0.001571
0.001869
0.001657
0.001665
0.001678
0.001603
0.001450
0.001460
0.001460
0.001224
0.001102
0.001116
0.001125
0.001666
0.001514
0.001521
0.001544
0.001651
0.001499
0.001524
0.001531
