76.917817
76.917615
77.016575
77.075610
73.002050
73.060743
73.644314
73.645090
74.889895
74.950865
75.166399
75.167891
71.189982
71.190378
72.833302
72.775564
75.297640
75.298052
75.399580
75.341829
73.186640
73.187072
74.317190
74.259500
74.364111
74.306381
74.380718
74.381495
74.497546
74.497642
74.678154
74.620160
76.851683
76.910758
76.915677
76.916428
73.956095
74.015317
74.357388
74.357865
72.795592
72.854320
73.286729
73.287146
74.718549
74.719064
75.054188
75.112791
72.488423
72.488881
73.991216
74.050213
75.271318
75.330002
76.279979
76.280683
74.484520
74.484828
75.315140
75.374126
75.917994
75.976608
76.502295
76.503034
72.070178
72.070667
72.364420
72.306956
74.923947
74.924453
75.419142
75.477600
75.098151
75.161147
76.273964
76.274642
74.426397
74.426812
75.163498
75.104854
73.504400
73.504779
73.980403
73.922322
75.307302
75.249256
75.593588
75.594273
73.330259
73.330669
74.101266
74.035726
75.553891
75.495917
75.739161
75.739529
75.932239
75.874328
76.829665
76.830298
