0.006431
0.007469
0.006194
0.006426
0.005826
0.005824
0.006236
0.005822
0.005810
0.005501
0.005512
0.005514
0.004906
0.004907
0.004918
0.005220
0.008960
0.008364
0.008377
0.008378
0.010171
0.010163
0.010166
0.010763
0.005695
0.005384
0.005399
0.005397
0.008081
0.008737
0.010604
0.010605
0.005370
0.005686
0.005435
0.005442
0.006901
0.007502
0.006929
0.006925
0.008115
0.008112
0.008699
0.008113
0.007911
0.008499
0.007909
0.007892
0.006709
0.006708
0.007120
0.006702
0.006135
0.006139
0.006141
0.006553
0.007280
0.007826
0.007916
0.007921
0.003522
0.003513
0.003696
0.003515
0.006132
0.006126
0.006123
0.006534
0.005708
0.006113
0.005716
0.005711
0.006261
0.005832
0.005836
0.005847
0.006066
0.006496
0.006117
0.006247
0.006301
0.006292
0.006757
0.006346
0.004184
0.004441
0.004198
0.004204
0.008671
0.008075
0.008088
0.008093
0.008208
0.007625
0.007631
0.007642
0.006089
0.005675
0.005684
0.005679
